days	S_Mean	E_Mean	IP_Mean	IA_Mean	TotalInfectious	H_Mean	ICU_Mean	Recovered_Mean	DeadCovid_Mean
0	0.000000	0.000000	0.000000	0.000000	0.000000	0.000000	0.000000	0.000000	0.000000
1	0.999893	0.000038	0.000055	0.000007	0.000007	0.000000	0.000000	0.000000	0.000000
2	0.999852	0.000075	0.000054	0.000006	0.000007	0.000001	0.000000	0.000005	0.000000
3	0.999815	0.000107	0.000058	0.000004	0.000006	0.000002	0.000000	0.000009	0.000000
4	0.999770	0.000146	0.000059	0.000005	0.000007	0.000002	0.000000	0.000011	0.000000
5	0.999734	0.000176	0.000060	0.000003	0.000010	0.000002	0.000000	0.000014	0.000000
6	0.999689	0.000215	0.000060	0.000004	0.000011	0.000003	0.000000	0.000018	0.000000
7	0.999643	0.000252	0.000055	0.000008	0.000015	0.000004	0.000000	0.000024	0.000000
8	0.999603	0.000280	0.000056	0.000007	0.000016	0.000005	0.000000	0.000034	0.000000
9	0.999555	0.000318	0.000053	0.000007	0.000018	0.000006	0.000000	0.000044	0.000000
10	0.999516	0.000341	0.000058	0.000006	0.000020	0.000007	0.000000	0.000053	0.000000
11	0.999474	0.000367	0.000059	0.000007	0.000023	0.000009	0.000000	0.000061	0.000000
12	0.999427	0.000395	0.000057	0.000011	0.000027	0.000011	0.000000	0.000072	0.000000
13	0.999388	0.000414	0.000059	0.000010	0.000024	0.000014	0.000000	0.000091	0.000000
14	0.999335	0.000449	0.000056	0.000009	0.000030	0.000015	0.000000	0.000106	0.000000
15	0.999277	0.000484	0.000060	0.000009	0.000028	0.000016	0.000000	0.000124	0.000000
16	0.999223	0.000513	0.000067	0.000010	0.000027	0.000018	0.000001	0.000141	0.000000
17	0.999173	0.000538	0.000067	0.000015	0.000029	0.000018	0.000001	0.000160	0.000000
18	0.999116	0.000568	0.000070	0.000011	0.000031	0.000020	0.000001	0.000182	0.000000
19	0.999061	0.000594	0.000073	0.000017	0.000030	0.000023	0.000001	0.000201	0.000000
20	0.999000	0.000615	0.000087	0.000018	0.000028	0.000025	0.000001	0.000227	0.000000
21	0.998925	0.000655	0.000085	0.000018	0.000041	0.000027	0.000001	0.000250	0.000000
22	0.998849	0.000686	0.000098	0.000017	0.000040	0.000030	0.000001	0.000280	0.000001
23	0.998759	0.000729	0.000102	0.000023	0.000042	0.000032	0.000001	0.000311	0.000001
24	0.998673	0.000766	0.000110	0.000018	0.000048	0.000036	0.000000	0.000348	0.000001
25	0.998582	0.000810	0.000106	0.000024	0.000055	0.000042	0.000001	0.000379	0.000001
26	0.998489	0.000852	0.000119	0.000023	0.000047	0.000048	0.000001	0.000420	0.000001
27	0.998387	0.000897	0.000125	0.000029	0.000054	0.000052	0.000001	0.000455	0.000001
28	0.998267	0.000962	0.000127	0.000033	0.000052	0.000058	0.000001	0.000500	0.000001
29	0.998143	0.001032	0.000127	0.000028	0.000058	0.000059	0.000001	0.000552	0.000001
30	0.998037	0.001069	0.000142	0.000034	0.000055	0.000062	0.000002	0.000599	0.000001
31	0.997918	0.001119	0.000151	0.000032	0.000064	0.000063	0.000002	0.000651	0.000001
32	0.997790	0.001177	0.000161	0.000032	0.000063	0.000069	0.000003	0.000704	0.000001
33	0.997649	0.001247	0.000171	0.000035	0.000065	0.000071	0.000004	0.000759	0.000001
34	0.997513	0.001305	0.000185	0.000033	0.000073	0.000073	0.000003	0.000814	0.000002
35	0.997355	0.001386	0.000189	0.000042	0.000078	0.000074	0.000004	0.000873	0.000002
36	0.997194	0.001453	0.000207	0.000040	0.000082	0.000079	0.000004	0.000941	0.000002
37	0.997005	0.001545	0.000216	0.000042	0.000092	0.000081	0.000005	0.001013	0.000002
38	0.996831	0.001620	0.000230	0.000043	0.000092	0.000092	0.000006	0.001086	0.000003
39	0.996629	0.001719	0.000243	0.000046	0.000103	0.000090	0.000007	0.001162	0.000003
40	0.996402	0.001841	0.000251	0.000049	0.000110	0.000100	0.000007	0.001240	0.000004
41	0.996181	0.001953	0.000256	0.000054	0.000116	0.000106	0.000008	0.001327	0.000005
42	0.995960	0.002061	0.000269	0.000056	0.000117	0.000109	0.000009	0.001419	0.000006
43	0.995738	0.002149	0.000296	0.000057	0.000126	0.000115	0.000008	0.001510	0.000008
44	0.995486	0.002267	0.000313	0.000065	0.000132	0.000118	0.000009	0.001610	0.000011
45	0.995213	0.002404	0.000322	0.000066	0.000143	0.000127	0.000010	0.001714	0.000014
46	0.994935	0.002535	0.000349	0.000068	0.000143	0.000129	0.000010	0.001831	0.000018
47	0.994651	0.002656	0.000372	0.000074	0.000160	0.000135	0.000009	0.001942	0.000022
48	0.994341	0.002814	0.000375	0.000084	0.000163	0.000143	0.000010	0.002072	0.000026
49	0.994037	0.002945	0.000404	0.000081	0.000166	0.000144	0.000010	0.002214	0.000033
50	0.993694	0.003095	0.000442	0.000081	0.000178	0.000148	0.000011	0.002350	0.000038
51	0.993327	0.003282	0.000444	0.000098	0.000190	0.000153	0.000011	0.002495	0.000042
52	0.992954	0.003454	0.000477	0.000092	0.000194	0.000162	0.000011	0.002656	0.000048
53	0.992552	0.003664	0.000484	0.000101	0.000208	0.000165	0.000011	0.002816	0.000058
54	0.992141	0.003851	0.000534	0.000092	0.000220	0.000174	0.000010	0.002977	0.000069
55	0.991713	0.004042	0.000558	0.000118	0.000237	0.000178	0.000011	0.003145	0.000078
56	0.991244	0.004269	0.000583	0.000123	0.000253	0.000182	0.000011	0.003336	0.000093
57	0.990776	0.004476	0.000619	0.000121	0.000264	0.000193	0.000011	0.003540	0.000106
58	0.990279	0.004706	0.000644	0.000137	0.000280	0.000189	0.000011	0.003753	0.000121
59	0.989776	0.004929	0.000677	0.000131	0.000300	0.000196	0.000012	0.003981	0.000137
60	0.989234	0.005175	0.000716	0.000146	0.000306	0.000199	0.000013	0.004210	0.000156
61	0.988673	0.005406	0.000782	0.000152	0.000312	0.000203	0.000014	0.004457	0.000178
62	0.988085	0.005677	0.000802	0.000157	0.000344	0.000212	0.000013	0.004709	0.000198
63	0.987463	0.005954	0.000842	0.000176	0.000356	0.000220	0.000014	0.004976	0.000221
64	0.986830	0.006232	0.000878	0.000193	0.000370	0.000222	0.000013	0.005263	0.000254
65	0.986155	0.006522	0.000935	0.000200	0.000384	0.000224	0.000014	0.005566	0.000288
66	0.985436	0.006842	0.000977	0.000207	0.000419	0.000220	0.000013	0.005886	0.000327
67	0.984704	0.007179	0.000995	0.000236	0.000423	0.000225	0.000015	0.006224	0.000370
68	0.983966	0.007505	0.001038	0.000224	0.000441	0.000222	0.000014	0.006590	0.000411
69	0.983186	0.007837	0.001093	0.000228	0.000461	0.000226	0.000014	0.006954	0.000447
70	0.982382	0.008186	0.001146	0.000244	0.000476	0.000226	0.000014	0.007326	0.000490
71	0.981575	0.008483	0.001210	0.000246	0.000527	0.000229	0.000015	0.007715	0.000533
72	0.980685	0.008873	0.001256	0.000260	0.000557	0.000229	0.000015	0.008124	0.000581
73	0.979742	0.009294	0.001322	0.000260	0.000586	0.000234	0.000016	0.008546	0.000644
74	0.978760	0.009742	0.001382	0.000289	0.000599	0.000231	0.000016	0.008981	0.000709
75	0.977777	0.010166	0.001437	0.000290	0.000632	0.000238	0.000015	0.009446	0.000768
76	0.976731	0.010613	0.001503	0.000309	0.000666	0.000234	0.000015	0.009929	0.000832
77	0.975669	0.011032	0.001581	0.000332	0.000700	0.000236	0.000015	0.010434	0.000899
78	0.974566	0.011501	0.001622	0.000340	0.000748	0.000234	0.000016	0.010973	0.000972
79	0.973427	0.011977	0.001695	0.000360	0.000760	0.000236	0.000014	0.011531	0.001060
80	0.972224	0.012482	0.001772	0.000365	0.000799	0.000242	0.000015	0.012102	0.001144
81	0.970949	0.013026	0.001834	0.000393	0.000845	0.000239	0.000015	0.012699	0.001228
82	0.969652	0.013555	0.001947	0.000404	0.000847	0.000241	0.000015	0.013338	0.001327
83	0.968309	0.014129	0.001964	0.000444	0.000919	0.000238	0.000014	0.013983	0.001421
84	0.966889	0.014714	0.002082	0.000424	0.000938	0.000243	0.000014	0.014695	0.001519
85	0.965461	0.015270	0.002177	0.000467	0.000979	0.000240	0.000015	0.015391	0.001629
86	0.963932	0.015944	0.002229	0.000480	0.001007	0.000244	0.000015	0.016149	0.001746
87	0.962401	0.016538	0.002337	0.000505	0.001016	0.000236	0.000018	0.016949	0.001868
88	0.960806	0.017136	0.002441	0.000516	0.001078	0.000242	0.000017	0.017763	0.001964
89	0.959150	0.017787	0.002534	0.000545	0.001111	0.000247	0.000018	0.018607	0.002083
90	0.957443	0.018459	0.002623	0.000572	0.001154	0.000243	0.000019	0.019485	0.002217
91	0.955699	0.019112	0.002741	0.000589	0.001213	0.000250	0.000018	0.020377	0.002358
92	0.953837	0.019863	0.002810	0.000622	0.001290	0.000243	0.000018	0.021316	0.002501
93	0.951967	0.020581	0.002922	0.000616	0.001325	0.000243	0.000018	0.022330	0.002652
94	0.950073	0.021288	0.003024	0.000650	0.001371	0.000247	0.000017	0.023330	0.002817
95	0.948091	0.022016	0.003152	0.000669	0.001414	0.000241	0.000018	0.024399	0.002985
96	0.946054	0.022777	0.003228	0.000719	0.001474	0.000248	0.000017	0.025483	0.003151
97	0.943920	0.023579	0.003351	0.000725	0.001513	0.000244	0.000017	0.026650	0.003326
98	0.941794	0.024317	0.003471	0.000754	0.001573	0.000247	0.000016	0.027827	0.003507
99	0.939502	0.025163	0.003570	0.000786	0.001658	0.000247	0.000015	0.029059	0.003687
100	0.937223	0.025982	0.003663	0.000816	0.001705	0.000248	0.000015	0.030349	0.003892
101	0.934867	0.026798	0.003815	0.000840	0.001749	0.000251	0.000015	0.031666	0.004112
102	0.932470	0.027610	0.003951	0.000872	0.001822	0.000249	0.000015	0.033012	0.004332
103	0.929981	0.028483	0.004064	0.000871	0.001918	0.000249	0.000015	0.034420	0.004563
104	0.927359	0.029465	0.004165	0.000944	0.001957	0.000248	0.000015	0.035847	0.004811
105	0.924750	0.030339	0.004288	0.000967	0.002027	0.000245	0.000015	0.037368	0.005046
106	0.922090	0.031241	0.004401	0.001008	0.002070	0.000249	0.000016	0.038925	0.005298
107	0.919303	0.032172	0.004553	0.001026	0.002148	0.000248	0.000017	0.040533	0.005542
108	0.916501	0.033117	0.004670	0.001065	0.002183	0.000248	0.000017	0.042199	0.005823
109	0.913553	0.034114	0.004823	0.001075	0.002271	0.000249	0.000017	0.043897	0.006096
110	0.910657	0.034990	0.004989	0.001114	0.002345	0.000249	0.000020	0.045638	0.006386
111	0.907641	0.035947	0.005139	0.001146	0.002418	0.000247	0.000017	0.047445	0.006675
112	0.904512	0.036919	0.005307	0.001202	0.002495	0.000251	0.000018	0.049297	0.006988
113	0.901373	0.037856	0.005421	0.001242	0.002608	0.000249	0.000015	0.051236	0.007312
114	0.898128	0.038925	0.005509	0.001280	0.002653	0.000250	0.000017	0.053238	0.007645
115	0.894807	0.039954	0.005703	0.001272	0.002724	0.000250	0.000017	0.055274	0.007994
116	0.891473	0.040939	0.005832	0.001367	0.002800	0.000250	0.000017	0.057322	0.008357
117	0.887970	0.042023	0.006012	0.001349	0.002874	0.000253	0.000016	0.059504	0.008729
118	0.884411	0.043065	0.006185	0.001422	0.002942	0.000252	0.000017	0.061706	0.009106
119	0.880850	0.044025	0.006368	0.001445	0.003063	0.000254	0.000015	0.063979	0.009494
120	0.877170	0.045078	0.006496	0.001534	0.003126	0.000247	0.000016	0.066332	0.009894
121	0.873406	0.046164	0.006649	0.001524	0.003203	0.000251	0.000018	0.068785	0.010305
122	0.869596	0.047139	0.006904	0.001569	0.003243	0.000246	0.000018	0.071284	0.010713
123	0.865716	0.048226	0.006994	0.001629	0.003386	0.000249	0.000020	0.073781	0.011134
124	0.861666	0.049407	0.007187	0.001613	0.003442	0.000251	0.000020	0.076413	0.011586
125	0.857669	0.050448	0.007349	0.001701	0.003546	0.000251	0.000021	0.079015	0.012037
126	0.853568	0.051519	0.007526	0.001735	0.003654	0.000248	0.000021	0.081729	0.012521
127	0.849363	0.052614	0.007654	0.001798	0.003782	0.000250	0.000021	0.084518	0.012998
128	0.845200	0.053578	0.007885	0.001796	0.003848	0.000249	0.000020	0.087424	0.013502
129	0.840871	0.054696	0.007980	0.001868	0.003965	0.000246	0.000019	0.090355	0.013995
130	0.836524	0.055784	0.008159	0.001890	0.004005	0.000252	0.000019	0.093367	0.014528
131	0.832176	0.056696	0.008395	0.001933	0.004108	0.000250	0.000019	0.096424	0.015054
132	0.827661	0.057815	0.008437	0.002007	0.004268	0.000249	0.000020	0.099543	0.015597
133	0.823221	0.058743	0.008658	0.002007	0.004285	0.000250	0.000021	0.102814	0.016176
134	0.818672	0.059770	0.008751	0.002046	0.004427	0.000250	0.000021	0.106064	0.016760
135	0.814058	0.060792	0.008919	0.002074	0.004481	0.000251	0.000021	0.109404	0.017375
136	0.809445	0.061690	0.009071	0.002132	0.004565	0.000249	0.000022	0.112825	0.017971
137	0.804754	0.062695	0.009107	0.002211	0.004650	0.000253	0.000021	0.116309	0.018572
138	0.800093	0.063557	0.009316	0.002183	0.004689	0.000246	0.000022	0.119896	0.019211
139	0.795388	0.064363	0.009442	0.002272	0.004819	0.000254	0.000020	0.123443	0.019830
140	0.790632	0.065267	0.009568	0.002252	0.004881	0.000249	0.000021	0.127130	0.020488
141	0.785849	0.066131	0.009687	0.002320	0.004916	0.000253	0.000020	0.130826	0.021152
142	0.781050	0.066919	0.009854	0.002386	0.004936	0.000250	0.000020	0.134584	0.021825
143	0.776166	0.067720	0.009928	0.002430	0.005089	0.000252	0.000020	0.138397	0.022483
144	0.771383	0.068329	0.010160	0.002442	0.005122	0.000250	0.000020	0.142293	0.023200
145	0.766492	0.069008	0.010209	0.002494	0.005300	0.000253	0.000021	0.146224	0.023881
146	0.761596	0.069659	0.010349	0.002497	0.005343	0.000249	0.000020	0.150287	0.024616
147	0.756678	0.070290	0.010445	0.002532	0.005434	0.000251	0.000020	0.154350	0.025351
148	0.751716	0.070999	0.010464	0.002592	0.005472	0.000252	0.000020	0.158485	0.026109
149	0.746801	0.071494	0.010603	0.002571	0.005602	0.000249	0.000020	0.162661	0.026886
150	0.741866	0.071959	0.010746	0.002653	0.005606	0.000250	0.000020	0.166900	0.027645
151	0.736903	0.072458	0.010761	0.002702	0.005691	0.000250	0.000019	0.171216	0.028405
152	0.731971	0.072877	0.010851	0.002713	0.005706	0.000250	0.000020	0.175612	0.029194
153	0.726999	0.073343	0.010897	0.002727	0.005755	0.000254	0.000020	0.180004	0.029973
154	0.722047	0.073727	0.011020	0.002695	0.005801	0.000246	0.000021	0.184442	0.030769
155	0.717022	0.074156	0.011085	0.002728	0.005887	0.000253	0.000021	0.188848	0.031577
156	0.712127	0.074425	0.011131	0.002788	0.005942	0.000251	0.000022	0.193315	0.032398
157	0.707246	0.074688	0.011229	0.002807	0.005901	0.000252	0.000021	0.197856	0.033267
158	0.702402	0.074862	0.011282	0.002793	0.005997	0.000249	0.000022	0.202394	0.034111
159	0.697610	0.075068	0.011220	0.002809	0.006036	0.000249	0.000021	0.206988	0.034970
160	0.692777	0.075141	0.011331	0.002837	0.006019	0.000249	0.000022	0.211624	0.035795
161	0.687977	0.075214	0.011300	0.002897	0.006086	0.000252	0.000019	0.216255	0.036631
162	0.683215	0.075254	0.011333	0.002812	0.006143	0.000249	0.000019	0.220974	0.037490
163	0.678404	0.075370	0.011274	0.002879	0.006181	0.000248	0.000021	0.225624	0.038342
164	0.673689	0.075316	0.011351	0.002853	0.006131	0.000250	0.000020	0.230390	0.039220
165	0.668929	0.075217	0.011402	0.002928	0.006210	0.000250	0.000020	0.235045	0.040076
166	0.664204	0.075174	0.011364	0.002916	0.006242	0.000251	0.000020	0.239830	0.040943
167	0.659602	0.075037	0.011378	0.002898	0.006190	0.000247	0.000020	0.244628	0.041831
168	0.654985	0.074925	0.011291	0.002938	0.006212	0.000248	0.000020	0.249382	0.042718
169	0.650449	0.074712	0.011251	0.002948	0.006175	0.000251	0.000021	0.254193	0.043622
170	0.645880	0.074479	0.011255	0.002917	0.006201	0.000250	0.000020	0.258999	0.044499
171	0.641382	0.074268	0.011146	0.002941	0.006171	0.000257	0.000018	0.263817	0.045359
172	0.636971	0.073922	0.011131	0.002889	0.006179	0.000251	0.000018	0.268639	0.046223
173	0.632543	0.073700	0.011079	0.002851	0.006191	0.000251	0.000018	0.273367	0.047138
174	0.628274	0.073264	0.011082	0.002864	0.006165	0.000253	0.000018	0.278081	0.048017
175	0.624038	0.072808	0.011087	0.002888	0.006119	0.000246	0.000018	0.282797	0.048910
176	0.619780	0.072337	0.011018	0.002884	0.006165	0.000251	0.000017	0.287548	0.049754
177	0.615595	0.071934	0.010862	0.002910	0.006126	0.000251	0.000015	0.292306	0.050637
178	0.611490	0.071447	0.010796	0.002838	0.006093	0.000248	0.000014	0.297073	0.051518
179	0.607405	0.070892	0.010751	0.002856	0.006058	0.000248	0.000016	0.301773	0.052385
180	0.603378	0.070309	0.010637	0.002857	0.006089	0.000245	0.000017	0.306468	0.053227
181	0.599435	0.069725	0.010564	0.002810	0.006018	0.000247	0.000017	0.311183	0.054105
182	0.595502	0.069093	0.010513	0.002824	0.005966	0.000245	0.000018	0.315838	0.054928
183	0.591684	0.068404	0.010466	0.002803	0.005887	0.000245	0.000018	0.320492	0.055779
184	0.587864	0.067739	0.010398	0.002785	0.005855	0.000252	0.000020	0.325089	0.056612
185	0.584102	0.067037	0.010294	0.002783	0.005834	0.000251	0.000019	0.329680	0.057426
186	0.580460	0.066273	0.010204	0.002762	0.005772	0.000248	0.000017	0.334264	0.058281
187	0.576815	0.065519	0.010095	0.002720	0.005789	0.000251	0.000018	0.338792	0.059082
188	0.573224	0.064879	0.009887	0.002715	0.005749	0.000248	0.000018	0.343281	0.059925
189	0.569694	0.064149	0.009809	0.002628	0.005691	0.000249	0.000020	0.347759	0.060738
190	0.566236	0.063389	0.009742	0.002647	0.005610	0.000250	0.000020	0.352106	0.061579
191	0.562819	0.062568	0.009640	0.002650	0.005594	0.000246	0.000020	0.356463	0.062356
192	0.559480	0.061764	0.009520	0.002643	0.005515	0.000248	0.000020	0.360811	0.063162
193	0.556203	0.060977	0.009328	0.002593	0.005488	0.000253	0.000021	0.365139	0.063944
194	0.552955	0.060232	0.009224	0.002496	0.005400	0.000245	0.000022	0.369426	0.064728
195	0.549802	0.059417	0.009096	0.002496	0.005366	0.000252	0.000022	0.373549	0.065496
196	0.546704	0.058586	0.008994	0.002508	0.005250	0.000249	0.000024	0.377685	0.066274
197	0.543702	0.057740	0.008853	0.002441	0.005165	0.000253	0.000024	0.381822	0.067023
198	0.540711	0.056907	0.008793	0.002398	0.005076	0.000253	0.000025	0.385837	0.067788
199	0.537796	0.056046	0.008646	0.002383	0.005070	0.000251	0.000026	0.389783	0.068546
200	0.534962	0.055164	0.008512	0.002379	0.004945	0.000250	0.000026	0.393762	0.069288
201	0.532164	0.054270	0.008376	0.002332	0.004883	0.000245	0.000026	0.397705	0.069994
202	0.529423	0.053367	0.008292	0.002295	0.004787	0.000247	0.000028	0.401561	0.070689
203	0.526664	0.052596	0.008100	0.002272	0.004738	0.000244	0.000026	0.405361	0.071353
204	0.524038	0.051680	0.008010	0.002229	0.004637	0.000250	0.000025	0.409132	0.072010
205	0.521436	0.050797	0.007887	0.002206	0.004628	0.000246	0.000025	0.412777	0.072682
206	0.518903	0.049953	0.007705	0.002147	0.004603	0.000248	0.000025	0.416416	0.073361
207	0.516452	0.049047	0.007573	0.002107	0.004545	0.000243	0.000022	0.420010	0.074022
208	0.513969	0.048212	0.007477	0.002096	0.004438	0.000249	0.000022	0.423537	0.074664
209	0.511599	0.047307	0.007379	0.002071	0.004355	0.000246	0.000022	0.427021	0.075298
210	0.509247	0.046424	0.007281	0.002045	0.004300	0.000253	0.000021	0.430430	0.075930
211	0.506971	0.045550	0.007108	0.002005	0.004267	0.000246	0.000023	0.433830	0.076546
212	0.504750	0.044744	0.006899	0.001985	0.004178	0.000249	0.000022	0.437172	0.077158
213	0.502563	0.043911	0.006827	0.001897	0.004081	0.000244	0.000021	0.440455	0.077765
214	0.500450	0.043100	0.006704	0.001863	0.004001	0.000252	0.000022	0.443609	0.078371
215	0.498408	0.042254	0.006591	0.001876	0.003885	0.000249	0.000021	0.446717	0.078967
216	0.496396	0.041376	0.006465	0.001836	0.003861	0.000254	0.000022	0.449790	0.079530
217	0.494344	0.040580	0.006339	0.001828	0.003806	0.000250	0.000022	0.452832	0.080076
218	0.492397	0.039751	0.006229	0.001769	0.003740	0.000249	0.000022	0.455845	0.080633
219	0.490539	0.038937	0.006074	0.001729	0.003661	0.000242	0.000021	0.458796	0.081168
220	0.488645	0.038171	0.005942	0.001673	0.003612	0.000245	0.000022	0.461691	0.081677
221	0.486851	0.037376	0.005821	0.001653	0.003501	0.000249	0.000020	0.464528	0.082195
222	0.485089	0.036508	0.005749	0.001629	0.003474	0.000245	0.000022	0.467284	0.082685
223	0.483387	0.035744	0.005574	0.001611	0.003395	0.000251	0.000022	0.470015	0.083194
224	0.481759	0.034901	0.005504	0.001561	0.003286	0.000247	0.000022	0.472720	0.083689
225	0.480121	0.034133	0.005354	0.001578	0.003219	0.000251	0.000022	0.475323	0.084153
226	0.478552	0.033374	0.005215	0.001523	0.003151	0.000246	0.000021	0.477919	0.084630
227	0.476983	0.032659	0.005140	0.001466	0.003048	0.000250	0.000018	0.480435	0.085088
228	0.475418	0.031985	0.005018	0.001437	0.003016	0.000244	0.000019	0.482863	0.085518
229	0.473912	0.031285	0.004943	0.001434	0.002910	0.000249	0.000020	0.485248	0.085956
230	0.472403	0.030658	0.004774	0.001400	0.002893	0.000243	0.000021	0.487607	0.086358
231	0.471001	0.029941	0.004687	0.001346	0.002834	0.000248	0.000020	0.489923	0.086763
232	0.469636	0.029270	0.004558	0.001300	0.002815	0.000244	0.000022	0.492156	0.087170
233	0.468314	0.028565	0.004505	0.001271	0.002709	0.000243	0.000023	0.494368	0.087571
234	0.467029	0.027913	0.004350	0.001261	0.002672	0.000247	0.000022	0.496505	0.087963
235	0.465741	0.027231	0.004329	0.001196	0.002600	0.000248	0.000021	0.498632	0.088334
236	0.464434	0.026660	0.004183	0.001224	0.002557	0.000244	0.000021	0.500677	0.088693
237	0.463203	0.026046	0.004108	0.001173	0.002465	0.000251	0.000021	0.502734	0.089055
238	0.461955	0.025510	0.003986	0.001166	0.002423	0.000245	0.000022	0.504692	0.089412
239	0.460805	0.024854	0.003921	0.001136	0.002368	0.000251	0.000021	0.506644	0.089747
240	0.459690	0.024263	0.003785	0.001131	0.002317	0.000245	0.000022	0.508548	0.090083
241	0.458577	0.023687	0.003698	0.001058	0.002266	0.000249	0.000022	0.510442	0.090399
242	0.457501	0.023125	0.003607	0.001037	0.002229	0.000248	0.000022	0.512232	0.090701
243	0.456490	0.022553	0.003508	0.001056	0.002152	0.000247	0.000022	0.513973	0.091024
244	0.455488	0.021994	0.003429	0.001011	0.002109	0.000246	0.000023	0.515701	0.091341
245	0.454510	0.021503	0.003309	0.000950	0.002073	0.000246	0.000023	0.517386	0.091650
246	0.453543	0.020942	0.003290	0.000936	0.001996	0.000244	0.000024	0.519025	0.091929
247	0.452601	0.020419	0.003188	0.000960	0.001957	0.000249	0.000022	0.520604	0.092210
248	0.451697	0.019883	0.003107	0.000939	0.001890	0.000249	0.000023	0.522211	0.092478
249	0.450865	0.019337	0.003019	0.000880	0.001874	0.000245	0.000023	0.523756	0.092752
250	0.449999	0.018873	0.002922	0.000865	0.001821	0.000246	0.000024	0.525249	0.093017
251	0.449168	0.018425	0.002850	0.000823	0.001753	0.000252	0.000022	0.526707	0.093280
252	0.448363	0.017951	0.002797	0.000799	0.001714	0.000246	0.000022	0.528107	0.093523
253	0.447551	0.017509	0.002718	0.000785	0.001702	0.000246	0.000024	0.529465	0.093748
254	0.446787	0.017029	0.002667	0.000778	0.001637	0.000246	0.000022	0.530834	0.093981
255	0.446031	0.016580	0.002615	0.000758	0.001599	0.000248	0.000022	0.532146	0.094212
256	0.445273	0.016180	0.002513	0.000746	0.001585	0.000245	0.000022	0.533436	0.094429
257	0.444555	0.015748	0.002471	0.000725	0.001525	0.000248	0.000022	0.534706	0.094648
258	0.443889	0.015312	0.002400	0.000703	0.001480	0.000249	0.000023	0.535944	0.094864
259	0.443220	0.014902	0.002353	0.000700	0.001400	0.000247	0.000022	0.537156	0.095074
260	0.442543	0.014510	0.002303	0.000693	0.001374	0.000244	0.000022	0.538311	0.095266
261	0.441879	0.014158	0.002229	0.000659	0.001339	0.000244	0.000021	0.539470	0.095454
262	0.441239	0.013777	0.002206	0.000621	0.001325	0.000246	0.000022	0.540564	0.095641
263	0.440620	0.013425	0.002121	0.000626	0.001305	0.000245	0.000024	0.541634	0.095820
264	0.440027	0.013079	0.002056	0.000607	0.001260	0.000245	0.000023	0.542703	0.096005
265	0.439427	0.012782	0.001984	0.000590	0.001219	0.000246	0.000024	0.543729	0.096179
266	0.438844	0.012462	0.001955	0.000561	0.001173	0.000248	0.000023	0.544734	0.096340
267	0.438297	0.012131	0.001923	0.000565	0.001130	0.000242	0.000025	0.545687	0.096507
268	0.437759	0.011791	0.001882	0.000538	0.001121	0.000247	0.000024	0.546638	0.096650
269	0.437229	0.011482	0.001823	0.000545	0.001106	0.000248	0.000025	0.547543	0.096804
270	0.436683	0.011201	0.001777	0.000514	0.001084	0.000249	0.000025	0.548468	0.096943
271	0.436173	0.010907	0.001746	0.000500	0.001061	0.000248	0.000024	0.549341	0.097088
272	0.435662	0.010657	0.001680	0.000502	0.001034	0.000250	0.000022	0.550193	0.097229
273	0.435176	0.010368	0.001657	0.000457	0.001040	0.000249	0.000023	0.551029	0.097365
274	0.434716	0.010069	0.001639	0.000464	0.001001	0.000247	0.000023	0.551841	0.097511
275	0.434260	0.009804	0.001579	0.000477	0.000975	0.000252	0.000024	0.552630	0.097649
276	0.433815	0.009577	0.001523	0.000455	0.000922	0.000247	0.000022	0.553439	0.097794
277	0.433367	0.009347	0.001471	0.000429	0.000915	0.000251	0.000023	0.554197	0.097914
278	0.432964	0.009072	0.001469	0.000418	0.000876	0.000244	0.000024	0.554933	0.098037
279	0.432548	0.008854	0.001409	0.000424	0.000866	0.000249	0.000025	0.555625	0.098160
280	0.432154	0.008619	0.001369	0.000381	0.000866	0.000242	0.000023	0.556345	0.098277
281	0.431761	0.008400	0.001344	0.000373	0.000831	0.000249	0.000024	0.557018	0.098388
282	0.431389	0.008193	0.001288	0.000391	0.000799	0.000242	0.000024	0.557673	0.098501
283	0.431015	0.008006	0.001235	0.000364	0.000782	0.000247	0.000024	0.558327	0.098593
284	0.430643	0.007798	0.001231	0.000333	0.000769	0.000245	0.000024	0.558957	0.098689
285	0.430273	0.007612	0.001190	0.000353	0.000748	0.000244	0.000026	0.559555	0.098775
286	0.429926	0.007409	0.001161	0.000326	0.000746	0.000247	0.000025	0.560159	0.098868
287	0.429599	0.007196	0.001140	0.000334	0.000720	0.000251	0.000024	0.560737	0.098961
288	0.429258	0.007034	0.001082	0.000324	0.000717	0.000246	0.000025	0.561314	0.099048
289	0.428922	0.006879	0.001049	0.000301	0.000688	0.000244	0.000024	0.561894	0.099133
290	0.428594	0.006697	0.001051	0.000296	0.000664	0.000242	0.000024	0.562433	0.099208
291	0.428265	0.006535	0.001010	0.000307	0.000659	0.000244	0.000023	0.562956	0.099280
292	0.427933	0.006395	0.000997	0.000281	0.000637	0.000245	0.000020	0.563492	0.099356
293	0.427619	0.006250	0.000975	0.000279	0.000627	0.000240	0.000020	0.563990	0.099431
294	0.427308	0.006115	0.000941	0.000272	0.000603	0.000251	0.000020	0.564488	0.099490
295	0.427012	0.005982	0.000925	0.000270	0.000577	0.000246	0.000021	0.564968	0.099558
296	0.426716	0.005847	0.000916	0.000259	0.000563	0.000246	0.000022	0.565430	0.099622
297	0.426431	0.005724	0.000878	0.000270	0.000551	0.000244	0.000019	0.565883	0.099692
298	0.426147	0.005605	0.000859	0.000252	0.000539	0.000248	0.000020	0.566331	0.099754
299	0.425885	0.005474	0.000840	0.000245	0.000515	0.000245	0.000020	0.566776	0.099820
300	0.425618	0.005347	0.000822	0.000248	0.000495	0.000244	0.000019	0.567207	0.099876
301	0.425352	0.005219	0.000807	0.000239	0.000490	0.000244	0.000019	0.567629	0.099926
302	0.425100	0.005087	0.000793	0.000224	0.000487	0.000241	0.000019	0.568048	0.099976
303	0.424842	0.004966	0.000778	0.000216	0.000482	0.000248	0.000017	0.568451	0.100025
304	0.424597	0.004857	0.000743	0.000218	0.000472	0.000243	0.000018	0.568851	0.100073
305	0.424351	0.004770	0.000715	0.000211	0.000446	0.000247	0.000018	0.569242	0.100120
306	0.424115	0.004646	0.000734	0.000206	0.000423	0.000243	0.000018	0.569614	0.100167
307	0.423889	0.004524	0.000701	0.000219	0.000437	0.000244	0.000020	0.569965	0.100209
308	0.423646	0.004435	0.000688	0.000198	0.000420	0.000244	0.000020	0.570349	0.100258
309	0.423431	0.004331	0.000672	0.000182	0.000409	0.000242	0.000021	0.570712	0.100299
310	0.423206	0.004236	0.000672	0.000192	0.000382	0.000244	0.000020	0.571048	0.100344
311	0.422980	0.004164	0.000643	0.000187	0.000394	0.000240	0.000021	0.571373	0.100388
312	0.422769	0.004071	0.000632	0.000179	0.000380	0.000244	0.000020	0.571705	0.100427
313	0.422559	0.003996	0.000610	0.000176	0.000368	0.000243	0.000020	0.572028	0.100466
314	0.422355	0.003914	0.000612	0.000166	0.000354	0.000240	0.000019	0.572340	0.100510
315	0.422150	0.003839	0.000587	0.000172	0.000346	0.000240	0.000019	0.572647	0.100544
316	0.421935	0.003768	0.000571	0.000169	0.000344	0.000234	0.000018	0.572961	0.100573
317	0.421750	0.003671	0.000572	0.000162	0.000332	0.000237	0.000018	0.573258	0.100603
318	0.421553	0.003582	0.000576	0.000163	0.000321	0.000238	0.000020	0.573548	0.100628
319	0.421342	0.003511	0.000559	0.000170	0.000327	0.000240	0.000019	0.573833	0.100650
320	0.421161	0.003439	0.000544	0.000158	0.000318	0.000235	0.000018	0.574126	0.100686
321	0.420978	0.003376	0.000523	0.000138	0.000327	0.000234	0.000019	0.574405	0.100713
322	0.420788	0.003331	0.000506	0.000147	0.000301	0.000237	0.000018	0.574673	0.100738
323	0.420603	0.003253	0.000524	0.000137	0.000291	0.000236	0.000020	0.574935	0.100760
324	0.420426	0.003187	0.000502	0.000143	0.000299	0.000238	0.000022	0.575183	0.100781
325	0.420251	0.003137	0.000484	0.000140	0.000290	0.000234	0.000022	0.575442	0.100810
326	0.420088	0.003070	0.000473	0.000140	0.000279	0.000236	0.000021	0.575693	0.100831
327	0.419922	0.002998	0.000475	0.000131	0.000277	0.000238	0.000021	0.575937	0.100849
328	0.419749	0.002942	0.000468	0.000131	0.000271	0.000237	0.000020	0.576182	0.100873
329	0.419578	0.002911	0.000432	0.000130	0.000273	0.000230	0.000021	0.576424	0.100893
330	0.419409	0.002850	0.000445	0.000122	0.000256	0.000233	0.000022	0.576663	0.100910
331	0.419247	0.002808	0.000415	0.000135	0.000253	0.000231	0.000022	0.576889	0.100929
332	0.419095	0.002758	0.000404	0.000120	0.000239	0.000237	0.000022	0.577126	0.100944
333	0.418951	0.002707	0.000393	0.000113	0.000239	0.000232	0.000022	0.577344	0.100966
334	0.418798	0.002655	0.000403	0.000119	0.000219	0.000235	0.000020	0.577551	0.100984
335	0.418656	0.002586	0.000403	0.000116	0.000229	0.000238	0.000020	0.577753	0.101000
336	0.418502	0.002551	0.000377	0.000118	0.000228	0.000231	0.000021	0.577973	0.101015
337	0.418360	0.002500	0.000378	0.000111	0.000213	0.000232	0.000021	0.578185	0.101030
338	0.418211	0.002452	0.000376	0.000108	0.000215	0.000232	0.000020	0.578385	0.101041
339	0.418065	0.002416	0.000370	0.000102	0.000210	0.000233	0.000020	0.578584	0.101053
340	0.417917	0.002384	0.000365	0.000102	0.000209	0.000229	0.000020	0.578774	0.101065
341	0.417771	0.002341	0.000371	0.000100	0.000207	0.000229	0.000020	0.578960	0.101078
342	0.417627	0.002309	0.000358	0.000106	0.000208	0.000224	0.000021	0.579147	0.101092
343	0.417497	0.002267	0.000350	0.000102	0.000203	0.000229	0.000020	0.579332	0.101106
344	0.417367	0.002242	0.000331	0.000098	0.000195	0.000228	0.000020	0.579520	0.101118
345	0.417236	0.002204	0.000347	0.000088	0.000180	0.000223	0.000020	0.579702	0.101133
346	0.417095	0.002169	0.000352	0.000082	0.000195	0.000226	0.000019	0.579862	0.101140
347	0.416971	0.002130	0.000349	0.000094	0.000189	0.000220	0.000020	0.580028	0.101152
348	0.416845	0.002094	0.000332	0.000097	0.000195	0.000220	0.000019	0.580199	0.101162
349	0.416719	0.002062	0.000324	0.000092	0.000182	0.000220	0.000019	0.580382	0.101171
350	0.416598	0.002020	0.000317	0.000099	0.000180	0.000217	0.000020	0.580549	0.101179
351	0.416480	0.001979	0.000315	0.000091	0.000177	0.000214	0.000019	0.580725	0.101188
352	0.416354	0.001943	0.000313	0.000091	0.000178	0.000214	0.000019	0.580887	0.101196
353	0.416228	0.001917	0.000310	0.000085	0.000175	0.000219	0.000019	0.581047	0.101205
354	0.416100	0.001911	0.000288	0.000080	0.000181	0.000215	0.000020	0.581204	0.101214
355	0.415987	0.001879	0.000292	0.000075	0.000174	0.000217	0.000021	0.581356	0.101223
356	0.415871	0.001843	0.000286	0.000089	0.000166	0.000214	0.000022	0.581508	0.101230
357	0.415753	0.001819	0.000284	0.000079	0.000162	0.000219	0.000020	0.581664	0.101239
358	0.415638	0.001810	0.000275	0.000069	0.000163	0.000214	0.000020	0.581812	0.101248
359	0.415528	0.001778	0.000283	0.000075	0.000161	0.000211	0.000020	0.581944	0.101255
360	0.415420	0.001742	0.000288	0.000071	0.000160	0.000210	0.000019	0.582091	0.101263
361	0.415296	0.001734	0.000268	0.000084	0.000158	0.000211	0.000017	0.582231	0.101270
362	0.415187	0.001703	0.000277	0.000074	0.000143	0.000207	0.000017	0.582393	0.101275
363	0.415076	0.001686	0.000266	0.000077	0.000143	0.000207	0.000019	0.582527	0.101278
364	0.414957	0.001673	0.000272	0.000068	0.000145	0.000202	0.000018	0.582665	0.101284
365	0.414836	0.001672	0.000259	0.000074	0.000145	0.000201	0.000018	0.582794	0.101289
366	0.414721	0.001660	0.000266	0.000058	0.000143	0.000198	0.000019	0.582936	0.101292
367	0.414616	0.001642	0.000263	0.000071	0.000132	0.000197	0.000018	0.583060	0.101298
368	0.414506	0.001631	0.000250	0.000073	0.000136	0.000193	0.000018	0.583193	0.101301
369	0.414406	0.001611	0.000243	0.000070	0.000131	0.000194	0.000017	0.583326	0.101305
370	0.414310	0.001591	0.000245	0.000063	0.000127	0.000193	0.000018	0.583454	0.101311
371	0.414207	0.001569	0.000253	0.000060	0.000131	0.000185	0.000018	0.583576	0.101316
372	0.414099	0.001568	0.000234	0.000071	0.000135	0.000185	0.000018	0.583690	0.101320
373	0.413992	0.001554	0.000236	0.000064	0.000132	0.000179	0.000019	0.583824	0.101323
374	0.413900	0.001521	0.000236	0.000068	0.000138	0.000173	0.000020	0.583945	0.101326
375	0.413801	0.001502	0.000230	0.000062	0.000143	0.000170	0.000020	0.584072	0.101329
376	0.413701	0.001484	0.000226	0.000067	0.000134	0.000172	0.000020	0.584196	0.101334
377	0.413597	0.001470	0.000232	0.000061	0.000137	0.000171	0.000020	0.584313	0.101336
378	0.413499	0.001457	0.000228	0.000061	0.000139	0.000167	0.000020	0.584429	0.101342
379	0.413403	0.001440	0.000225	0.000053	0.000147	0.000168	0.000020	0.584545	0.101344
380	0.413306	0.001432	0.000215	0.000060	0.000145	0.000172	0.000019	0.584650	0.101347
381	0.413211	0.001423	0.000216	0.000053	0.000136	0.000171	0.000019	0.584772	0.101350
382	0.413119	0.001398	0.000226	0.000056	0.000136	0.000170	0.000019	0.584876	0.101354
383	0.413029	0.001381	0.000220	0.000060	0.000139	0.000170	0.000019	0.584981	0.101360
384	0.412939	0.001366	0.000219	0.000059	0.000132	0.000166	0.000019	0.585101	0.101364
385	0.412849	0.001352	0.000216	0.000061	0.000126	0.000163	0.000018	0.585215	0.101368
386	0.412764	0.001334	0.000207	0.000061	0.000128	0.000166	0.000017	0.585323	0.101371
387	0.412677	0.001313	0.000207	0.000060	0.000116	0.000163	0.000017	0.585446	0.101373
388	0.412597	0.001291	0.000201	0.000060	0.000116	0.000163	0.000017	0.585556	0.101375
389	0.412520	0.001271	0.000192	0.000054	0.000120	0.000164	0.000015	0.585665	0.101378
390	0.412437	0.001255	0.000188	0.000055	0.000112	0.000162	0.000016	0.585776	0.101379
391	0.412354	0.001238	0.000190	0.000054	0.000110	0.000162	0.000015	0.585878	0.101380
392	0.412275	0.001214	0.000193	0.000061	0.000102	0.000160	0.000017	0.585978	0.101384
393	0.412196	0.001203	0.000181	0.000057	0.000106	0.000157	0.000016	0.586084	0.101387
394	0.412111	0.001195	0.000179	0.000052	0.000101	0.000156	0.000016	0.586190	0.101388
395	0.412025	0.001191	0.000177	0.000047	0.000106	0.000152	0.000016	0.586286	0.101390
396	0.411956	0.001171	0.000174	0.000050	0.000100	0.000151	0.000015	0.586383	0.101391
397	0.411883	0.001157	0.000166	0.000051	0.000102	0.000147	0.000017	0.586476	0.101392
398	0.411808	0.001147	0.000165	0.000044	0.000100	0.000147	0.000015	0.586573	0.101395
399	0.411736	0.001131	0.000170	0.000042	0.000094	0.000145	0.000015	0.586666	0.101397
400	0.411659	0.001124	0.000170	0.000046	0.000097	0.000145	0.000014	0.586746	0.101400
