0	0.000000	0.000000	0.000000	0.000000	0.000000	0.000000	0.000000	0.000000	0.000000	0.000000	0.000000
1	0.994800	0.004700	0.000400	0.000000	0.000100	0.000000	0.000000	0.000000	0.000000	0.000000	0.000000
2	0.990200	0.009000	0.000600	0.000100	0.000100	0.000000	0.000000	0.000000	0.000000	0.000000	0.000000
3	0.983600	0.015300	0.000800	0.000100	0.000200	0.000000	0.000000	0.000000	0.000000	0.000000	0.000000
4	0.976100	0.021600	0.001900	0.000200	0.000200	0.000000	0.000000	0.000000	0.000000	0.000000	0.000000
5	0.959300	0.037400	0.002600	0.000200	0.000400	0.000000	0.000000	0.000000	0.000000	0.000100	0.000000
6	0.936300	0.057700	0.004800	0.000500	0.000400	0.000100	0.000000	0.000000	0.000000	0.000200	0.000000
7	0.899700	0.091500	0.006600	0.000600	0.000400	0.000200	0.000100	0.000000	0.000000	0.000900	0.000000
8	0.855700	0.129600	0.011000	0.000700	0.000800	0.000300	0.000400	0.000100	0.000000	0.001400	0.000000
9	0.787300	0.193000	0.014400	0.000900	0.000800	0.000700	0.000200	0.000200	0.000000	0.002500	0.000300
10	0.707300	0.263700	0.020900	0.001900	0.001300	0.001000	0.000300	0.000200	0.000000	0.003400	0.000200
0	0.000000	0.000000	0.000000	0.000000	0.000000	0.000000	0.000000	0.000000	0.000000	0.000000	0.000000
1	0.994800	0.004700	0.000400	0.000000	0.000100	0.000000	0.000000	0.000000	0.000000	0.000000	0.000000
2	0.990200	0.009000	0.000600	0.000100	0.000100	0.000000	0.000000	0.000000	0.000000	0.000000	0.000000
3	0.983600	0.015300	0.000800	0.000100	0.000200	0.000000	0.000000	0.000000	0.000000	0.000000	0.000000
4	0.976100	0.021600	0.001900	0.000200	0.000200	0.000000	0.000000	0.000000	0.000000	0.000000	0.000000
5	0.959300	0.037400	0.002600	0.000200	0.000400	0.000000	0.000000	0.000000	0.000000	0.000100	0.000000
6	0.936300	0.057700	0.004800	0.000500	0.000400	0.000100	0.000000	0.000000	0.000000	0.000200	0.000000
7	0.900000	0.091200	0.006600	0.000600	0.000400	0.000200	0.000100	0.000000	0.000000	0.000900	0.000000
8	0.856100	0.129100	0.011100	0.000500	0.000900	0.000300	0.000500	0.000100	0.000000	0.001400	0.000000
9	0.789500	0.190700	0.014600	0.000900	0.000800	0.000700	0.000200	0.000200	0.000000	0.002400	0.000400
10	0.709000	0.262300	0.020700	0.001300	0.001600	0.001200	0.000400	0.000200	0.000000	0.003300	0.000200
11	0.610900	0.348100	0.029400	0.002700	0.002400	0.001300	0.000500	0.000200	0.000000	0.004500	0.000400
12	0.499700	0.441600	0.041500	0.004200	0.003500	0.001800	0.000700	0.000200	0.000000	0.006800	0.000500
13	0.384800	0.533300	0.055700	0.004900	0.006300	0.002500	0.001400	0.000200	0.000000	0.010900	0.000700
14	0.275700	0.614900	0.071600	0.006800	0.007900	0.003500	0.002300	0.000200	0.000000	0.017100	0.001400
15	0.189100	0.673200	0.085800	0.009000	0.010400	0.004700	0.001800	0.000200	0.000000	0.025800	0.002300
16	0.115700	0.714400	0.101000	0.011100	0.012300	0.006500	0.002100	0.000200	0.000000	0.036700	0.001800
17	0.068500	0.728800	0.112400	0.013800	0.015200	0.007600	0.002900	0.000100	0.000000	0.050700	0.002000
18	0.044400	0.721800	0.117400	0.016000	0.018600	0.010200	0.002600	0.000200	0.000000	0.068800	0.002800
19	0.029800	0.704000	0.118800	0.017300	0.021000	0.012300	0.004400	0.000200	0.000000	0.092200	0.002600
20	0.024500	0.679100	0.115200	0.021600	0.023500	0.013600	0.005000	0.000200	0.000000	0.117300	0.004400
21	0.022800	0.653600	0.109300	0.020200	0.024000	0.016600	0.004400	0.000200	0.000000	0.148900	0.004800
22	0.021000	0.622600	0.105800	0.020400	0.022900	0.019000	0.006300	0.000100	0.000000	0.181900	0.004400
23	0.021700	0.592000	0.095500	0.021900	0.025200	0.022100	0.005800	0.000200	0.000000	0.215600	0.006200
24	0.021900	0.561000	0.087400	0.021400	0.023700	0.024400	0.005200	0.000200	0.000000	0.254800	0.005800
25	0.020100	0.530400	0.075200	0.024400	0.023200	0.026500	0.006400	0.000200	0.000000	0.293600	0.005200
26	0.020900	0.494700	0.070800	0.024500	0.019500	0.026600	0.006200	0.000200	0.000000	0.336600	0.006200
27	0.021900	0.462800	0.059600	0.023800	0.018000	0.030900	0.006700	0.000200	0.000000	0.376100	0.006200
28	0.022000	0.431100	0.054200	0.022900	0.016400	0.030000	0.007000	0.000200	0.000000	0.416200	0.006700
29	0.022600	0.403900	0.043400	0.022100	0.014500	0.032100	0.006600	0.000200	0.000000	0.454600	0.006700
30	0.023700	0.374400	0.042800	0.017800	0.011400	0.031700	0.006900	0.000200	0.000000	0.491100	0.006500
31	0.024400	0.347600	0.039400	0.018200	0.011100	0.030100	0.006300	0.000200	0.000000	0.522700	0.006700
32	0.024700	0.318300	0.041100	0.018300	0.011000	0.028300	0.005200	0.000200	0.000000	0.552900	0.006200
33	0.022200	0.286300	0.045400	0.018200	0.010900	0.026200	0.006400	0.000200	0.000000	0.584200	0.005000
34	0.023200	0.258500	0.039100	0.020200	0.011800	0.024400	0.007100	0.000200	0.000000	0.615500	0.006400
35	0.023700	0.231500	0.039700	0.015700	0.011000	0.021800	0.007200	0.000200	0.000000	0.649200	0.007000
36	0.026000	0.202800	0.039600	0.017800	0.010000	0.019600	0.006100	0.000200	0.000000	0.677900	0.007200
37	0.025800	0.178500	0.037600	0.014900	0.011600	0.016500	0.006700	0.000200	0.000000	0.708200	0.006000
38	0.025300	0.156800	0.036200	0.013500	0.010700	0.013500	0.007100	0.000200	0.000000	0.736700	0.006700
39	0.026600	0.137700	0.031800	0.015700	0.009000	0.011000	0.005000	0.000200	0.000000	0.763000	0.007100
40	0.025100	0.125200	0.026500	0.012300	0.009400	0.008500	0.003300	0.000200	0.000000	0.789500	0.005000
41	0.022700	0.117200	0.020700	0.009800	0.006900	0.007000	0.005000	0.000100	0.000000	0.810600	0.003300
42	0.023600	0.108600	0.019400	0.006400	0.005600	0.004700	0.003500	0.000200	0.000000	0.828000	0.004900
43	0.023400	0.101500	0.017700	0.006800	0.003800	0.004600	0.002800	0.000100	0.000000	0.839300	0.003500
44	0.024000	0.096200	0.013900	0.006000	0.003100	0.004000	0.002400	0.000200	0.000000	0.850200	0.002600
45	0.023800	0.093000	0.012300	0.003900	0.002400	0.004200	0.001400	0.000200	0.000000	0.858800	0.002400
46	0.023300	0.088900	0.011600	0.002800	0.002900	0.002800	0.002500	0.000200	0.000000	0.865000	0.001400
47	0.023800	0.085000	0.011000	0.003700	0.002800	0.002900	0.000400	0.000100	0.000000	0.870300	0.002500
48	0.022100	0.080700	0.011100	0.003500	0.001800	0.002700	0.001300	0.000200	0.000000	0.876600	0.000300
49	0.021400	0.077600	0.009500	0.003500	0.002400	0.002600	0.001200	0.000100	0.000000	0.881700	0.001300
50	0.020800	0.074900	0.008200	0.003100	0.002000	0.003000	0.000800	0.000200	0.000000	0.887000	0.001100
51	0.020000	0.072900	0.007600	0.002000	0.001700	0.002900	0.000800	0.000000	0.000000	0.892100	0.000900
52	0.019200	0.070600	0.007400	0.001700	0.001600	0.002500	0.001300	0.000200	0.000000	0.895500	0.000600
53	0.018800	0.068000	0.007600	0.002000	0.001100	0.002500	0.001200	0.000100	0.000000	0.898700	0.001200
54	0.019200	0.065500	0.006200	0.002300	0.001400	0.002400	0.000700	0.000200	0.000000	0.902100	0.001100
55	0.018900	0.061800	0.006500	0.001600	0.001200	0.003000	0.001200	0.000200	0.000000	0.905600	0.000700
56	0.019200	0.057400	0.006900	0.002100	0.001900	0.002500	0.001500	0.000200	0.000000	0.908300	0.001200
57	0.019200	0.055600	0.004600	0.002300	0.002200	0.002700	0.001000	0.000200	0.000000	0.912200	0.001400
58	0.019100	0.054100	0.003800	0.001900	0.000700	0.002700	0.000800	0.000200	0.000000	0.916700	0.001000
59	0.019200	0.051900	0.004400	0.001300	0.000800	0.002100	0.000700	0.000200	0.000000	0.919400	0.000800
60	0.019000	0.049800	0.004200	0.001700	0.001100	0.001800	0.000800	0.000200	0.000000	0.921400	0.000700
61	0.018900	0.047500	0.004300	0.001500	0.001300	0.001500	0.000700	0.000200	0.000000	0.924100	0.000800
62	0.019000	0.044600	0.004300	0.001800	0.001400	0.001500	0.000600	0.000200	0.000000	0.926600	0.000700
63	0.018600	0.043600	0.003000	0.001900	0.000600	0.001500	0.001000	0.000200	0.000000	0.929600	0.000600
64	0.019200	0.042900	0.002000	0.001000	0.000800	0.000900	0.000800	0.000200	0.000000	0.932200	0.001000
65	0.019700	0.041400	0.002500	0.000600	0.000500	0.000900	0.000100	0.000200	0.000000	0.934100	0.000800
66	0.019700	0.040200	0.001900	0.000800	0.000800	0.000900	0.000300	0.000200	0.000000	0.935200	0.000100
67	0.019300	0.038600	0.003000	0.000700	0.000400	0.000700	0.000300	0.000100	0.000000	0.936900	0.000300
68	0.019100	0.037900	0.001600	0.001500	0.000900	0.000700	0.000200	0.000200	0.000000	0.937900	0.000200
69	0.018900	0.037000	0.001800	0.000600	0.000200	0.000700	0.000400	0.000100	0.000000	0.940300	0.000200
70	0.018800	0.035500	0.002400	0.000500	0.000500	0.000700	0.000200	0.000200	0.000000	0.941200	0.000300
71	0.018700	0.034300	0.002100	0.000600	0.000900	0.000700	0.000100	0.000200	0.000000	0.942400	0.000200
72	0.018700	0.033200	0.002000	0.000700	0.000300	0.000400	0.000500	0.000200	0.000000	0.944000	0.000100
73	0.018900	0.032100	0.002000	0.000600	0.000600	0.000500	0.000100	0.000200	0.000000	0.945000	0.000500
74	0.018800	0.031600	0.001400	0.000700	0.000700	0.000200	0.000200	0.000200	0.000000	0.946200	0.000100
75	0.018600	0.031600	0.000600	0.000600	0.000700	0.000300	0.000000	0.000200	0.000000	0.947400	0.000200
76	0.018200	0.031300	0.001000	0.000200	0.000200	0.000400	0.000000	0.000100	0.000000	0.948600	0.000000
77	0.018100	0.031200	0.000500	0.000500	0.000100	0.000400	0.000200	0.000100	0.000000	0.948900	0.000000
78	0.018200	0.030200	0.001300	0.000100	0.000200	0.000200	0.000000	0.000200	0.000000	0.949600	0.000100
79	0.018100	0.030200	0.000300	0.000600	0.000000	0.000400	0.000300	0.000200	0.000000	0.949900	0.000000
80	0.018400	0.029800	0.000600	0.000100	0.000000	0.000300	0.000000	0.000200	0.000000	0.950600	0.000300
81	0.018100	0.029700	0.000700	0.000200	0.000000	0.000300	0.000200	0.000100	0.000000	0.950700	0.000100
82	0.018100	0.029000	0.001000	0.000300	0.000200	0.000200	0.000100	0.000200	0.000000	0.950900	0.000100
83	0.018200	0.027700	0.001600	0.000300	0.000100	0.000200	0.000300	0.000100	0.000000	0.951500	0.000100
84	0.018300	0.027500	0.000700	0.001100	0.000100	0.000300	0.000000	0.000200	0.000000	0.951800	0.000200
85	0.017900	0.027700	0.000600	0.000000	0.000100	0.000300	0.000200	0.000200	0.000000	0.953000	0.000000
86	0.018000	0.027700	0.000500	0.000100	0.000100	0.000200	0.000000	0.000200	0.000000	0.953200	0.000200
87	0.017900	0.027800	0.000200	0.000100	0.000100	0.000300	0.000000	0.000200	0.000000	0.953400	0.000000
88	0.017900	0.027300	0.000600	0.000000	0.000200	0.000200	0.000100	0.000200	0.000000	0.953500	0.000000
89	0.017800	0.027400	0.000300	0.000300	0.000100	0.000200	0.000100	0.000200	0.000000	0.953600	0.000100
90	0.017900	0.027200	0.000300	0.000000	0.000100	0.000200	0.000100	0.000200	0.000000	0.954000	0.000100
91	0.017800	0.027400	0.000100	0.000100	0.000100	0.000200	0.000000	0.000200	0.000000	0.954100	0.000100
92	0.017800	0.027100	0.000400	0.000000	0.000000	0.000200	0.000100	0.000200	0.000000	0.954200	0.000000
93	0.017900	0.027000	0.000200	0.000200	0.000000	0.000200	0.000000	0.000100	0.000000	0.954400	0.000100
94	0.017900	0.026700	0.000400	0.000100	0.000000	0.000100	0.000000	0.000100	0.000000	0.954700	0.000000
95	0.017900	0.026600	0.000200	0.000200	0.000000	0.000100	0.000100	0.000100	0.000000	0.954800	0.000000
96	0.017900	0.026500	0.000100	0.000100	0.000100	0.000100	0.000000	0.000200	0.000000	0.955000	0.000000
97	0.018000	0.026400	0.000100	0.000000	0.000100	0.000000	0.000100	0.000100	0.000000	0.955200	0.000100
98	0.018000	0.026300	0.000100	0.000000	0.000000	0.000100	0.000000	0.000100	0.000000	0.955400	0.000000
99	0.018000	0.026300	0.000000	0.000100	0.000000	0.000000	0.000100	0.000100	0.000000	0.955400	0.000000
100	0.017900	0.026200	0.000200	0.000000	0.000000	0.000000	0.000000	0.000200	0.000000	0.955500	0.000000
101	0.017900	0.026200	0.000000	0.000200	0.000000	0.000000	0.000000	0.000100	0.000000	0.955600	0.000000
102	0.017900	0.026200	0.000000	0.000000	0.000000	0.000000	0.000000	0.000100	0.000000	0.955800	0.000000
103	0.017800	0.026200	0.000100	0.000000	0.000000	0.000000	0.000000	0.000100	0.000000	0.955800	0.000000
104	0.017700	0.026300	0.000000	0.000100	0.000000	0.000000	0.000000	0.000100	0.000000	0.955800	0.000000
105	0.017600	0.026400	0.000000	0.000000	0.000000	0.000000	0.000000	0.000100	0.000000	0.955900	0.000000
106	0.017600	0.026400	0.000000	0.000000	0.000000	0.000000	0.000000	0.000100	0.000000	0.955900	0.000000
107	0.017600	0.026300	0.000100	0.000000	0.000000	0.000000	0.000000	0.000100	0.000000	0.955900	0.000000
108	0.017600	0.026200	0.000100	0.000000	0.000000	0.000100	0.000000	0.000100	0.000000	0.955900	0.000000
109	0.017600	0.026100	0.000100	0.000100	0.000000	0.000000	0.000100	0.000100	0.000000	0.955900	0.000000
110	0.017500	0.026200	0.000100	0.000000	0.000000	0.000000	0.000000	0.000200	0.000000	0.956000	0.000000
111	0.017600	0.026100	0.000100	0.000000	0.000100	0.000000	0.000000	0.000100	0.000000	0.956000	0.000100
112	0.017600	0.026000	0.000100	0.000000	0.000100	0.000000	0.000000	0.000100	0.000000	0.956100	0.000000
113	0.017600	0.026000	0.000000	0.000100	0.000000	0.000000	0.000000	0.000100	0.000000	0.956200	0.000000
114	0.017600	0.026000	0.000000	0.000000	0.000000	0.000000	0.000000	0.000000	0.000000	0.956400	0.000000
115	0.017600	0.025900	0.000100	0.000000	0.000000	0.000000	0.000000	0.000000	0.000000	0.956400	0.000000
116	0.017600	0.025900	0.000000	0.000000	0.000000	0.000100	0.000000	0.000000	0.000000	0.956400	0.000000
117	0.017600	0.025900	0.000000	0.000000	0.000000	0.000000	0.000000	0.000000	0.000000	0.956500	0.000000
118	0.017600	0.025900	0.000000	0.000000	0.000000	0.000000	0.000000	0.000000	0.000000	0.956500	0.000000
119	0.017600	0.025900	0.000000	0.000000	0.000000	0.000000	0.000000	0.000000	0.000000	0.956500	0.000000
120	0.017600	0.025900	0.000000	0.000000	0.000000	0.000000	0.000000	0.000000	0.000000	0.956500	0.000000
121	0.017600	0.025900	0.000000	0.000000	0.000000	0.000000	0.000000	0.000000	0.000000	0.956500	0.000000
122	0.017600	0.025900	0.000000	0.000000	0.000000	0.000000	0.000000	0.000000	0.000000	0.956500	0.000000
123	0.017600	0.025800	0.000100	0.000000	0.000000	0.000000	0.000000	0.000000	0.000000	0.956500	0.000000
124	0.017600	0.025800	0.000000	0.000000	0.000100	0.000000	0.000000	0.000000	0.000000	0.956500	0.000000
125	0.017600	0.025800	0.000000	0.000000	0.000000	0.000000	0.000000	0.000000	0.000000	0.956600	0.000000
126	0.017600	0.025800	0.000000	0.000000	0.000000	0.000000	0.000000	0.000000	0.000000	0.956600	0.000000
127	0.017600	0.025800	0.000000	0.000000	0.000000	0.000000	0.000000	0.000000	0.000000	0.956600	0.000000
128	0.017600	0.025800	0.000000	0.000000	0.000000	0.000000	0.000000	0.000000	0.000000	0.956600	0.000000
129	0.017600	0.025800	0.000000	0.000000	0.000000	0.000000	0.000000	0.000000	0.000000	0.956600	0.000000
130	0.017600	0.025800	0.000000	0.000000	0.000000	0.000000	0.000000	0.000000	0.000000	0.956600	0.000000
131	0.017600	0.025800	0.000000	0.000000	0.000000	0.000000	0.000000	0.000000	0.000000	0.956600	0.000000
132	0.017600	0.025700	0.000100	0.000000	0.000000	0.000000	0.000000	0.000000	0.000000	0.956600	0.000000
133	0.017600	0.025600	0.000100	0.000000	0.000100	0.000000	0.000000	0.000000	0.000000	0.956600	0.000000
134	0.017600	0.025600	0.000000	0.000000	0.000000	0.000000	0.000100	0.000000	0.000000	0.956700	0.000000
135	0.017600	0.025600	0.000000	0.000000	0.000000	0.000000	0.000000	0.000100	0.000000	0.956700	0.000000
136	0.017700	0.025600	0.000000	0.000000	0.000000	0.000000	0.000000	0.000000	0.000000	0.956700	0.000100
137	0.017700	0.025600	0.000000	0.000000	0.000000	0.000000	0.000000	0.000000	0.000000	0.956700	0.000000
138	0.017700	0.025600	0.000000	0.000000	0.000000	0.000000	0.000000	0.000000	0.000000	0.956700	0.000000
139	0.017700	0.025600	0.000000	0.000000	0.000000	0.000000	0.000000	0.000000	0.000000	0.956700	0.000000
140	0.017700	0.025600	0.000000	0.000000	0.000000	0.000000	0.000000	0.000000	0.000000	0.956700	0.000000
141	0.017700	0.025600	0.000000	0.000000	0.000000	0.000000	0.000000	0.000000	0.000000	0.956700	0.000000
142	0.017700	0.025600	0.000000	0.000000	0.000000	0.000000	0.000000	0.000000	0.000000	0.956700	0.000000
143	0.017700	0.025600	0.000000	0.000000	0.000000	0.000000	0.000000	0.000000	0.000000	0.956700	0.000000
144	0.017700	0.025600	0.000000	0.000000	0.000000	0.000000	0.000000	0.000000	0.000000	0.956700	0.000000
145	0.017700	0.025600	0.000000	0.000000	0.000000	0.000000	0.000000	0.000000	0.000000	0.956700	0.000000
146	0.017700	0.025600	0.000000	0.000000	0.000000	0.000000	0.000000	0.000000	0.000000	0.956700	0.000000
147	0.017700	0.025600	0.000000	0.000000	0.000000	0.000000	0.000000	0.000000	0.000000	0.956700	0.000000
148	0.017700	0.025600	0.000000	0.000000	0.000000	0.000000	0.000000	0.000000	0.000000	0.956700	0.000000
149	0.017700	0.025600	0.000000	0.000000	0.000000	0.000000	0.000000	0.000000	0.000000	0.956700	0.000000
150	0.017700	0.025600	0.000000	0.000000	0.000000	0.000000	0.000000	0.000000	0.000000	0.956700	0.000000
151	0.017700	0.025600	0.000000	0.000000	0.000000	0.000000	0.000000	0.000000	0.000000	0.956700	0.000000
152	0.017700	0.025600	0.000000	0.000000	0.000000	0.000000	0.000000	0.000000	0.000000	0.956700	0.000000
153	0.017700	0.025600	0.000000	0.000000	0.000000	0.000000	0.000000	0.000000	0.000000	0.956700	0.000000
154	0.017700	0.025600	0.000000	0.000000	0.000000	0.000000	0.000000	0.000000	0.000000	0.956700	0.000000
155	0.017700	0.025600	0.000000	0.000000	0.000000	0.000000	0.000000	0.000000	0.000000	0.956700	0.000000
156	0.017700	0.025600	0.000000	0.000000	0.000000	0.000000	0.000000	0.000000	0.000000	0.956700	0.000000
157	0.017700	0.025600	0.000000	0.000000	0.000000	0.000000	0.000000	0.000000	0.000000	0.956700	0.000000
158	0.017700	0.025600	0.000000	0.000000	0.000000	0.000000	0.000000	0.000000	0.000000	0.956700	0.000000
159	0.017700	0.025600	0.000000	0.000000	0.000000	0.000000	0.000000	0.000000	0.000000	0.956700	0.000000
160	0.017700	0.025600	0.000000	0.000000	0.000000	0.000000	0.000000	0.000000	0.000000	0.956700	0.000000
161	0.017700	0.025600	0.000000	0.000000	0.000000	0.000000	0.000000	0.000000	0.000000	0.956700	0.000000
162	0.017700	0.025600	0.000000	0.000000	0.000000	0.000000	0.000000	0.000000	0.000000	0.956700	0.000000
163	0.017700	0.025600	0.000000	0.000000	0.000000	0.000000	0.000000	0.000000	0.000000	0.956700	0.000000
164	0.017700	0.025600	0.000000	0.000000	0.000000	0.000000	0.000000	0.000000	0.000000	0.956700	0.000000
165	0.017700	0.025600	0.000000	0.000000	0.000000	0.000000	0.000000	0.000000	0.000000	0.956700	0.000000
166	0.017700	0.025600	0.000000	0.000000	0.000000	0.000000	0.000000	0.000000	0.000000	0.956700	0.000000
167	0.017700	0.025600	0.000000	0.000000	0.000000	0.000000	0.000000	0.000000	0.000000	0.956700	0.000000
168	0.017700	0.025600	0.000000	0.000000	0.000000	0.000000	0.000000	0.000000	0.000000	0.956700	0.000000
169	0.017700	0.025600	0.000000	0.000000	0.000000	0.000000	0.000000	0.000000	0.000000	0.956700	0.000000
170	0.017700	0.025600	0.000000	0.000000	0.000000	0.000000	0.000000	0.000000	0.000000	0.956700	0.000000
171	0.017700	0.025600	0.000000	0.000000	0.000000	0.000000	0.000000	0.000000	0.000000	0.956700	0.000000
172	0.017700	0.025600	0.000000	0.000000	0.000000	0.000000	0.000000	0.000000	0.000000	0.956700	0.000000
173	0.017700	0.025600	0.000000	0.000000	0.000000	0.000000	0.000000	0.000000	0.000000	0.956700	0.000000
174	0.017700	0.025600	0.000000	0.000000	0.000000	0.000000	0.000000	0.000000	0.000000	0.956700	0.000000
175	0.017700	0.025600	0.000000	0.000000	0.000000	0.000000	0.000000	0.000000	0.000000	0.956700	0.000000
176	0.017700	0.025600	0.000000	0.000000	0.000000	0.000000	0.000000	0.000000	0.000000	0.956700	0.000000
177	0.017700	0.025600	0.000000	0.000000	0.000000	0.000000	0.000000	0.000000	0.000000	0.956700	0.000000
178	0.017700	0.025600	0.000000	0.000000	0.000000	0.000000	0.000000	0.000000	0.000000	0.956700	0.000000
179	0.017700	0.025600	0.000000	0.000000	0.000000	0.000000	0.000000	0.000000	0.000000	0.956700	0.000000
180	0.017700	0.025600	0.000000	0.000000	0.000000	0.000000	0.000000	0.000000	0.000000	0.956700	0.000000
181	0.017700	0.025600	0.000000	0.000000	0.000000	0.000000	0.000000	0.000000	0.000000	0.956700	0.000000
182	0.017700	0.025600	0.000000	0.000000	0.000000	0.000000	0.000000	0.000000	0.000000	0.956700	0.000000
183	0.017700	0.025600	0.000000	0.000000	0.000000	0.000000	0.000000	0.000000	0.000000	0.956700	0.000000
184	0.017700	0.025600	0.000000	0.000000	0.000000	0.000000	0.000000	0.000000	0.000000	0.956700	0.000000
185	0.017700	0.025600	0.000000	0.000000	0.000000	0.000000	0.000000	0.000000	0.000000	0.956700	0.000000
186	0.017700	0.025600	0.000000	0.000000	0.000000	0.000000	0.000000	0.000000	0.000000	0.956700	0.000000
187	0.017700	0.025600	0.000000	0.000000	0.000000	0.000000	0.000000	0.000000	0.000000	0.956700	0.000000
188	0.017700	0.025600	0.000000	0.000000	0.000000	0.000000	0.000000	0.000000	0.000000	0.956700	0.000000
189	0.017700	0.025600	0.000000	0.000000	0.000000	0.000000	0.000000	0.000000	0.000000	0.956700	0.000000
190	0.017700	0.025600	0.000000	0.000000	0.000000	0.000000	0.000000	0.000000	0.000000	0.956700	0.000000
191	0.017700	0.025600	0.000000	0.000000	0.000000	0.000000	0.000000	0.000000	0.000000	0.956700	0.000000
192	0.017700	0.025600	0.000000	0.000000	0.000000	0.000000	0.000000	0.000000	0.000000	0.956700	0.000000
193	0.017700	0.025600	0.000000	0.000000	0.000000	0.000000	0.000000	0.000000	0.000000	0.956700	0.000000
194	0.017700	0.025600	0.000000	0.000000	0.000000	0.000000	0.000000	0.000000	0.000000	0.956700	0.000000
195	0.017700	0.025600	0.000000	0.000000	0.000000	0.000000	0.000000	0.000000	0.000000	0.956700	0.000000
196	0.017700	0.025600	0.000000	0.000000	0.000000	0.000000	0.000000	0.000000	0.000000	0.956700	0.000000
197	0.017700	0.025600	0.000000	0.000000	0.000000	0.000000	0.000000	0.000000	0.000000	0.956700	0.000000
198	0.017700	0.025600	0.000000	0.000000	0.000000	0.000000	0.000000	0.000000	0.000000	0.956700	0.000000
199	0.017700	0.025600	0.000000	0.000000	0.000000	0.000000	0.000000	0.000000	0.000000	0.956700	0.000000
200	0.017700	0.025600	0.000000	0.000000	0.000000	0.000000	0.000000	0.000000	0.000000	0.956700	0.000000
0	0.000000	0.000000	0.000000	0.000000	0.000000	0.000000	0.000000	0.000000	0.000000	0.000000	0.000000
1	0.999999	0.000000	0.000000	0.000000	0.000000	0.000000	0.000000	0.000000	0.000000	0.000000	0.000000
2	0.999999	0.000001	0.000000	0.000000	0.000000	0.000000	0.000000	0.000000	0.000000	0.000000	0.000000
3	0.999998	0.000001	0.000000	0.000000	0.000000	0.000000	0.000000	0.000000	0.000000	0.000000	0.000000
4	0.999998	0.000001	0.000000	0.000000	0.000000	0.000000	0.000000	0.000000	0.000000	0.000000	0.000000
5	0.999998	0.000002	0.000000	0.000000	0.000000	0.000000	0.000000	0.000000	0.000000	0.000000	0.000000
6	0.999998	0.000002	0.000000	0.000000	0.000000	0.000000	0.000000	0.000000	0.000000	0.000000	0.000000
7	0.999997	0.000002	0.000000	0.000000	0.000000	0.000000	0.000000	0.000000	0.000000	0.000000	0.000000
8	0.999997	0.000002	0.000000	0.000000	0.000000	0.000000	0.000000	0.000000	0.000000	0.000000	0.000000
9	0.999997	0.000002	0.000000	0.000000	0.000000	0.000000	0.000000	0.000000	0.000000	0.000000	0.000000
10	0.999997	0.000002	0.000000	0.000000	0.000000	0.000000	0.000000	0.000000	0.000000	0.000000	0.000000
11	0.999997	0.000002	0.000000	0.000000	0.000000	0.000000	0.000000	0.000000	0.000000	0.000000	0.000000
12	0.999996	0.000002	0.000000	0.000000	0.000000	0.000000	0.000000	0.000000	0.000000	0.000000	0.000000
13	0.999996	0.000003	0.000000	0.000000	0.000000	0.000000	0.000000	0.000000	0.000000	0.000000	0.000000
14	0.999996	0.000003	0.000000	0.000000	0.000000	0.000000	0.000000	0.000000	0.000000	0.000000	0.000000
15	0.999996	0.000003	0.000000	0.000000	0.000000	0.000000	0.000000	0.000000	0.000000	0.000001	0.000000
16	0.999995	0.000003	0.000000	0.000000	0.000000	0.000000	0.000000	0.000000	0.000000	0.000001	0.000000
17	0.999995	0.000003	0.000000	0.000000	0.000000	0.000000	0.000000	0.000000	0.000000	0.000001	0.000000
18	0.999995	0.000003	0.000001	0.000000	0.000000	0.000000	0.000000	0.000000	0.000000	0.000001	0.000000
19	0.999995	0.000003	0.000001	0.000000	0.000000	0.000000	0.000000	0.000000	0.000000	0.000001	0.000000
20	0.999994	0.000003	0.000001	0.000000	0.000000	0.000000	0.000000	0.000000	0.000000	0.000001	0.000000
21	0.999994	0.000003	0.000000	0.000000	0.000000	0.000000	0.000000	0.000000	0.000000	0.000001	0.000000
22	0.999993	0.000004	0.000001	0.000000	0.000000	0.000000	0.000000	0.000000	0.000000	0.000001	0.000000
23	0.999993	0.000004	0.000000	0.000000	0.000000	0.000000	0.000000	0.000000	0.000000	0.000002	0.000000
24	0.999992	0.000004	0.000000	0.000000	0.000000	0.000000	0.000000	0.000000	0.000000	0.000002	0.000000
25	0.999992	0.000005	0.000000	0.000000	0.000000	0.000000	0.000000	0.000001	0.000000	0.000002	0.000000
26	0.999991	0.000005	0.000000	0.000000	0.000000	0.000000	0.000000	0.000000	0.000000	0.000003	0.000000
27	0.999991	0.000005	0.000000	0.000000	0.000000	0.000000	0.000000	0.000000	0.000000	0.000003	0.000000
28	0.999991	0.000005	0.000000	0.000000	0.000000	0.000000	0.000000	0.000000	0.000000	0.000003	0.000000
29	0.999991	0.000005	0.000000	0.000000	0.000000	0.000000	0.000000	0.000001	0.000000	0.000003	0.000000
30	0.999990	0.000005	0.000000	0.000000	0.000000	0.000000	0.000000	0.000000	0.000000	0.000003	0.000000
31	0.999990	0.000005	0.000001	0.000000	0.000000	0.000000	0.000000	0.000000	0.000000	0.000003	0.000000
32	0.999990	0.000005	0.000000	0.000000	0.000000	0.000000	0.000000	0.000000	0.000000	0.000004	0.000000
33	0.999989	0.000006	0.000001	0.000000	0.000000	0.000000	0.000000	0.000001	0.000000	0.000004	0.000000
34	0.999989	0.000006	0.000000	0.000000	0.000000	0.000000	0.000000	0.000000	0.000000	0.000004	0.000000
35	0.999988	0.000007	0.000000	0.000000	0.000000	0.000000	0.000000	0.000000	0.000000	0.000004	0.000000
36	0.999987	0.000007	0.000001	0.000000	0.000000	0.000000	0.000000	0.000001	0.000000	0.000005	0.000000
37	0.999987	0.000007	0.000001	0.000000	0.000000	0.000000	0.000000	0.000000	0.000000	0.000005	0.000000
38	0.999986	0.000007	0.000001	0.000000	0.000000	0.000000	0.000000	0.000000	0.000000	0.000005	0.000000
39	0.999985	0.000007	0.000001	0.000000	0.000000	0.000000	0.000000	0.000001	0.000000	0.000006	0.000000
40	0.999984	0.000008	0.000001	0.000000	0.000000	0.000000	0.000000	0.000001	0.000000	0.000006	0.000000
41	0.999983	0.000008	0.000001	0.000000	0.000000	0.000000	0.000000	0.000001	0.000000	0.000006	0.000000
42	0.999983	0.000009	0.000001	0.000000	0.000000	0.000000	0.000000	0.000001	0.000000	0.000007	0.000000
43	0.999982	0.000009	0.000001	0.000000	0.000000	0.000000	0.000000	0.000001	0.000000	0.000007	0.000000
44	0.999981	0.000009	0.000001	0.000000	0.000000	0.000000	0.000000	0.000001	0.000000	0.000007	0.000000
45	0.999980	0.000010	0.000001	0.000000	0.000000	0.000000	0.000000	0.000001	0.000000	0.000008	0.000000
46	0.999979	0.000010	0.000001	0.000000	0.000000	0.000000	0.000000	0.000000	0.000000	0.000008	0.000000
47	0.999979	0.000010	0.000001	0.000000	0.000000	0.000000	0.000000	0.000000	0.000000	0.000009	0.000000
48	0.999978	0.000011	0.000001	0.000001	0.000000	0.000000	0.000000	0.000000	0.000000	0.000009	0.000000
49	0.999976	0.000011	0.000002	0.000000	0.000000	0.000000	0.000000	0.000000	0.000000	0.000010	0.000000
50	0.999976	0.000011	0.000002	0.000000	0.000000	0.000000	0.000000	0.000000	0.000000	0.000010	0.000000
51	0.999974	0.000012	0.000002	0.000000	0.000000	0.000000	0.000000	0.000001	0.000000	0.000011	0.000000
52	0.999972	0.000013	0.000002	0.000000	0.000000	0.000000	0.000000	0.000001	0.000000	0.000012	0.000000
53	0.999970	0.000014	0.000001	0.000000	0.000000	0.000000	0.000000	0.000001	0.000000	0.000012	0.000000
54	0.999969	0.000014	0.000002	0.000000	0.000000	0.000000	0.000000	0.000001	0.000000	0.000013	0.000000
55	0.999968	0.000015	0.000002	0.000000	0.000001	0.000000	0.000000	0.000001	0.000000	0.000013	0.000000
56	0.999966	0.000016	0.000002	0.000000	0.000000	0.000000	0.000000	0.000001	0.000000	0.000014	0.000000
57	0.999964	0.000017	0.000002	0.000000	0.000000	0.000000	0.000000	0.000001	0.000000	0.000015	0.000000
58	0.999962	0.000018	0.000002	0.000000	0.000000	0.000000	0.000000	0.000001	0.000000	0.000015	0.000000
59	0.999961	0.000018	0.000003	0.000000	0.000000	0.000000	0.000000	0.000001	0.000000	0.000016	0.000000
60	0.999959	0.000019	0.000003	0.000001	0.000001	0.000000	0.000000	0.000001	0.000000	0.000017	0.000000
61	0.999956	0.000020	0.000003	0.000001	0.000000	0.000000	0.000000	0.000001	0.000000	0.000018	0.000000
62	0.999954	0.000021	0.000003	0.000000	0.000001	0.000001	0.000000	0.000001	0.000000	0.000019	0.000000
63	0.999951	0.000023	0.000002	0.000001	0.000001	0.000001	0.000000	0.000001	0.000000	0.000020	0.000000
64	0.999949	0.000024	0.000003	0.000000	0.000001	0.000001	0.000000	0.000001	0.000000	0.000022	0.000000
65	0.999947	0.000024	0.000003	0.000001	0.000000	0.000001	0.000000	0.000001	0.000000	0.000023	0.000000
66	0.999944	0.000026	0.000002	0.000000	0.000001	0.000001	0.000000	0.000001	0.000000	0.000024	0.000000
67	0.999941	0.000027	0.000003	0.000000	0.000000	0.000001	0.000000	0.000001	0.000000	0.000026	0.000000
68	0.999938	0.000028	0.000003	0.000000	0.000001	0.000001	0.000000	0.000001	0.000000	0.000027	0.000000
69	0.999936	0.000029	0.000004	0.000001	0.000001	0.000001	0.000000	0.000001	0.000000	0.000028	0.000000
70	0.999933	0.000031	0.000004	0.000001	0.000001	0.000001	0.000000	0.000001	0.000000	0.000029	0.000000
71	0.999930	0.000031	0.000004	0.000000	0.000001	0.000001	0.000000	0.000001	0.000000	0.000030	0.000000
72	0.999928	0.000032	0.000004	0.000001	0.000001	0.000001	0.000000	0.000001	0.000000	0.000031	0.000000
73	0.999925	0.000033	0.000004	0.000001	0.000000	0.000001	0.000000	0.000001	0.000000	0.000034	0.000000
74	0.999920	0.000036	0.000004	0.000001	0.000001	0.000001	0.000000	0.000001	0.000000	0.000035	0.000000
75	0.999917	0.000038	0.000004	0.000001	0.000001	0.000002	0.000000	0.000001	0.000000	0.000037	0.000000
76	0.999913	0.000040	0.000004	0.000001	0.000000	0.000001	0.000000	0.000001	0.000000	0.000038	0.000000
77	0.999909	0.000042	0.000006	0.000001	0.000001	0.000001	0.000000	0.000001	0.000000	0.000040	0.000000
78	0.999905	0.000044	0.000005	0.000001	0.000001	0.000002	0.000000	0.000001	0.000000	0.000041	0.000000
79	0.999901	0.000044	0.000007	0.000001	0.000001	0.000002	0.000001	0.000001	0.000000	0.000043	0.000000
80	0.999896	0.000046	0.000006	0.000001	0.000001	0.000002	0.000001	0.000001	0.000000	0.000045	0.000000
81	0.999891	0.000049	0.000006	0.000002	0.000002	0.000002	0.000000	0.000001	0.000000	0.000047	0.000001
82	0.999886	0.000052	0.000006	0.000001	0.000001	0.000001	0.000001	0.000001	0.000000	0.000050	0.000000
83	0.999881	0.000054	0.000007	0.000002	0.000001	0.000001	0.000001	0.000001	0.000000	0.000053	0.000000
84	0.999875	0.000058	0.000007	0.000002	0.000002	0.000001	0.000000	0.000001	0.000000	0.000055	0.000001
85	0.999868	0.000060	0.000009	0.000001	0.000001	0.000001	0.000000	0.000001	0.000000	0.000058	0.000000
86	0.999860	0.000064	0.000009	0.000002	0.000002	0.000001	0.000000	0.000001	0.000000	0.000060	0.000000
87	0.999854	0.000067	0.000009	0.000002	0.000002	0.000002	0.000001	0.000001	0.000000	0.000063	0.000000
88	0.999849	0.000068	0.000010	0.000002	0.000002	0.000001	0.000000	0.000001	0.000000	0.000066	0.000001
89	0.999843	0.000071	0.000009	0.000003	0.000002	0.000001	0.000001	0.000001	0.000000	0.000069	0.000000
90	0.999836	0.000074	0.000010	0.000001	0.000002	0.000001	0.000001	0.000001	0.000000	0.000073	0.000001
91	0.999829	0.000075	0.000012	0.000002	0.000002	0.000001	0.000000	0.000001	0.000000	0.000076	0.000001
92	0.999818	0.000080	0.000013	0.000003	0.000002	0.000002	0.000001	0.000001	0.000000	0.000080	0.000000
93	0.999809	0.000084	0.000012	0.000002	0.000003	0.000002	0.000001	0.000001	0.000000	0.000085	0.000001
94	0.999801	0.000088	0.000012	0.000003	0.000002	0.000002	0.000001	0.000001	0.000000	0.000090	0.000001
95	0.999791	0.000094	0.000013	0.000002	0.000002	0.000003	0.000001	0.000001	0.000000	0.000094	0.000001
96	0.999781	0.000098	0.000014	0.000003	0.000003	0.000003	0.000001	0.000001	0.000000	0.000097	0.000001
97	0.999769	0.000105	0.000014	0.000003	0.000002	0.000003	0.000001	0.000001	0.000000	0.000102	0.000001
98	0.999761	0.000108	0.000014	0.000003	0.000003	0.000002	0.000002	0.000001	0.000000	0.000107	0.000001
99	0.999751	0.000112	0.000015	0.000003	0.000003	0.000003	0.000001	0.000001	0.000000	0.000112	0.000001
100	0.999742	0.000116	0.000014	0.000003	0.000003	0.000003	0.000001	0.000001	0.000000	0.000118	0.000001
101	0.999728	0.000124	0.000016	0.000003	0.000003	0.000003	0.000002	0.000001	0.000000	0.000122	0.000001
102	0.999717	0.000128	0.000018	0.000003	0.000004	0.000003	0.000000	0.000001	0.000000	0.000127	0.000002
103	0.999703	0.000134	0.000018	0.000004	0.000003	0.000003	0.000001	0.000001	0.000000	0.000133	0.000000
104	0.999689	0.000139	0.000019	0.000004	0.000003	0.000004	0.000001	0.000001	0.000000	0.000138	0.000001
105	0.999676	0.000145	0.000020	0.000004	0.000005	0.000004	0.000001	0.000001	0.000000	0.000145	0.000001
106	0.999659	0.000152	0.000022	0.000004	0.000004	0.000004	0.000001	0.000001	0.000000	0.000152	0.000001
107	0.999643	0.000159	0.000023	0.000006	0.000004	0.000004	0.000001	0.000001	0.000000	0.000159	0.000001
108	0.999625	0.000169	0.000024	0.000005	0.000004	0.000004	0.000001	0.000001	0.000000	0.000168	0.000001
109	0.999607	0.000177	0.000024	0.000005	0.000005	0.000005	0.000001	0.000001	0.000000	0.000175	0.000001
110	0.999588	0.000184	0.000027	0.000005	0.000004	0.000005	0.000002	0.000001	0.000000	0.000184	0.000001
111	0.999570	0.000192	0.000027	0.000005	0.000005	0.000005	0.000002	0.000001	0.000000	0.000193	0.000002
112	0.999553	0.000197	0.000030	0.000005	0.000005	0.000006	0.000002	0.000001	0.000000	0.000202	0.000002
113	0.999533	0.000206	0.000031	0.000007	0.000005	0.000005	0.000002	0.000001	0.000000	0.000210	0.000002
114	0.999511	0.000216	0.000034	0.000006	0.000006	0.000006	0.000002	0.000001	0.000000	0.000219	0.000002
115	0.999485	0.000231	0.000031	0.000008	0.000006	0.000007	0.000003	0.000001	0.000000	0.000229	0.000002
116	0.999461	0.000241	0.000035	0.000007	0.000005	0.000007	0.000002	0.000001	0.000000	0.000241	0.000002
117	0.999434	0.000254	0.000036	0.000009	0.000006	0.000007	0.000001	0.000001	0.000000	0.000251	0.000002
118	0.999407	0.000267	0.000036	0.000008	0.000007	0.000008	0.000002	0.000001	0.000000	0.000264	0.000001
119	0.999378	0.000282	0.000038	0.000008	0.000006	0.000008	0.000002	0.000001	0.000000	0.000276	0.000002
120	0.999349	0.000297	0.000039	0.000007	0.000008	0.000008	0.000003	0.000001	0.000000	0.000288	0.000002
121	0.999320	0.000308	0.000043	0.000008	0.000008	0.000008	0.000003	0.000001	0.000000	0.000302	0.000003
122	0.999290	0.000321	0.000044	0.000011	0.000008	0.000008	0.000002	0.000001	0.000000	0.000316	0.000003
123	0.999258	0.000333	0.000048	0.000010	0.000008	0.000008	0.000002	0.000001	0.000000	0.000332	0.000002
124	0.999222	0.000349	0.000051	0.000009	0.000008	0.000009	0.000003	0.000001	0.000000	0.000347	0.000002
125	0.999184	0.000366	0.000055	0.000011	0.000010	0.000009	0.000003	0.000001	0.000000	0.000361	0.000003
126	0.999143	0.000384	0.000057	0.000013	0.000011	0.000010	0.000003	0.000001	0.000000	0.000379	0.000003
127	0.999105	0.000402	0.000056	0.000014	0.000011	0.000011	0.000003	0.000001	0.000000	0.000398	0.000003
128	0.999061	0.000424	0.000059	0.000013	0.000010	0.000011	0.000003	0.000001	0.000000	0.000419	0.000003
129	0.999019	0.000443	0.000060	0.000013	0.000012	0.000012	0.000004	0.000001	0.000000	0.000437	0.000003
130	0.998974	0.000466	0.000061	0.000013	0.000011	0.000013	0.000004	0.000001	0.000000	0.000457	0.000004
131	0.998931	0.000483	0.000065	0.000014	0.000010	0.000012	0.000005	0.000001	0.000000	0.000479	0.000004
132	0.998888	0.000498	0.000071	0.000015	0.000010	0.000012	0.000004	0.000001	0.000000	0.000501	0.000005
133	0.998840	0.000518	0.000070	0.000017	0.000013	0.000014	0.000004	0.000001	0.000000	0.000523	0.000004
134	0.998785	0.000542	0.000075	0.000015	0.000015	0.000014	0.000004	0.000001	0.000000	0.000549	0.000004
135	0.998733	0.000563	0.000078	0.000018	0.000014	0.000015	0.000005	0.000001	0.000000	0.000574	0.000004
136	0.998677	0.000585	0.000084	0.000017	0.000016	0.000016	0.000004	0.000001	0.000000	0.000600	0.000005
137	0.998621	0.000605	0.000088	0.000016	0.000017	0.000018	0.000007	0.000001	0.000000	0.000626	0.000004
138	0.998556	0.000636	0.000092	0.000020	0.000018	0.000018	0.000006	0.000001	0.000000	0.000652	0.000007
139	0.998492	0.000666	0.000092	0.000021	0.000019	0.000018	0.000006	0.000001	0.000000	0.000684	0.000006
140	0.998425	0.000691	0.000101	0.000019	0.000019	0.000020	0.000006	0.000001	0.000000	0.000718	0.000006
141	0.998352	0.000724	0.000105	0.000021	0.000021	0.000021	0.000007	0.000001	0.000000	0.000749	0.000006
142	0.998277	0.000760	0.000108	0.000022	0.000021	0.000020	0.000007	0.000001	0.000000	0.000784	0.000007
143	0.998204	0.000792	0.000112	0.000022	0.000021	0.000022	0.000007	0.000001	0.000000	0.000819	0.000007
144	0.998125	0.000830	0.000114	0.000027	0.000021	0.000020	0.000007	0.000001	0.000000	0.000855	0.000007
145	0.998041	0.000869	0.000121	0.000022	0.000023	0.000022	0.000007	0.000001	0.000000	0.000894	0.000006
146	0.997957	0.000900	0.000131	0.000026	0.000022	0.000024	0.000008	0.000001	0.000000	0.000930	0.000007
147	0.997862	0.000943	0.000134	0.000031	0.000024	0.000024	0.000010	0.000001	0.000000	0.000970	0.000008
148	0.997768	0.000984	0.000141	0.000030	0.000025	0.000025	0.000008	0.000001	0.000000	0.001017	0.000010
149	0.997665	0.001031	0.000146	0.000031	0.000026	0.000028	0.000008	0.000001	0.000000	0.001064	0.000008
150	0.997558	0.001081	0.000148	0.000033	0.000029	0.000027	0.000009	0.000001	0.000000	0.001114	0.000008
151	0.997442	0.001135	0.000157	0.000032	0.000029	0.000028	0.000009	0.000001	0.000000	0.001167	0.000008
152	0.997328	0.001183	0.000162	0.000035	0.000033	0.000030	0.000009	0.000001	0.000000	0.001217	0.000009
153	0.997208	0.001243	0.000164	0.000036	0.000029	0.000032	0.000011	0.000001	0.000000	0.001276	0.000009
154	0.997092	0.001284	0.000184	0.000034	0.000032	0.000033	0.000009	0.000001	0.000000	0.001330	0.000011
155	0.996960	0.001337	0.000192	0.000045	0.000033	0.000037	0.000010	0.000001	0.000000	0.001384	0.000009
156	0.996811	0.001413	0.000196	0.000039	0.000037	0.000038	0.000014	0.000001	0.000000	0.001450	0.000010
157	0.996677	0.001470	0.000204	0.000044	0.000037	0.000041	0.000013	0.000001	0.000000	0.001514	0.000013
158	0.996526	0.001538	0.000215	0.000045	0.000039	0.000041	0.000012	0.000001	0.000000	0.001583	0.000012
159	0.996366	0.001612	0.000225	0.000046	0.000040	0.000044	0.000014	0.000001	0.000000	0.001652	0.000012
160	0.996205	0.001688	0.000228	0.000050	0.000043	0.000046	0.000015	0.000001	0.000000	0.001724	0.000014
161	0.996033	0.001764	0.000245	0.000050	0.000042	0.000048	0.000015	0.000001	0.000000	0.001802	0.000014
162	0.995859	0.001835	0.000257	0.000055	0.000044	0.000053	0.000018	0.000001	0.000000	0.001877	0.000015
163	0.995677	0.001917	0.000265	0.000055	0.000052	0.000055	0.000015	0.000001	0.000000	0.001963	0.000018
164	0.995489	0.001996	0.000277	0.000057	0.000051	0.000058	0.000016	0.000001	0.000000	0.002053	0.000015
165	0.995284	0.002086	0.000295	0.000057	0.000051	0.000061	0.000020	0.000001	0.000000	0.002146	0.000016
166	0.995080	0.002175	0.000305	0.000064	0.000054	0.000063	0.000020	0.000001	0.000000	0.002237	0.000019
167	0.994852	0.002282	0.000319	0.000068	0.000057	0.000064	0.000019	0.000001	0.000000	0.002338	0.000019
168	0.994625	0.002384	0.000327	0.000071	0.000059	0.000069	0.000020	0.000001	0.000000	0.002446	0.000018
169	0.994388	0.002490	0.000338	0.000074	0.000060	0.000070	0.000021	0.000001	0.000000	0.002557	0.000020
170	0.994139	0.002600	0.000354	0.000072	0.000067	0.000073	0.000021	0.000001	0.000000	0.002672	0.000021
171	0.993878	0.002717	0.000368	0.000081	0.000065	0.000079	0.000024	0.000001	0.000000	0.002787	0.000021
172	0.993603	0.002832	0.000391	0.000084	0.000069	0.000081	0.000026	0.000001	0.000000	0.002913	0.000024
173	0.993328	0.002951	0.000402	0.000093	0.000072	0.000088	0.000024	0.000001	0.000000	0.003042	0.000025
174	0.993025	0.003084	0.000419	0.000089	0.000081	0.000088	0.000027	0.000001	0.000000	0.003186	0.000023
175	0.992715	0.003215	0.000442	0.000095	0.000083	0.000093	0.000024	0.000001	0.000000	0.003331	0.000027
176	0.992396	0.003348	0.000463	0.000097	0.000088	0.000096	0.000027	0.000001	0.000000	0.003484	0.000024
177	0.992064	0.003487	0.000482	0.000105	0.000089	0.000100	0.000033	0.000001	0.000000	0.003639	0.000027
