0	0.031420	0.000059	0.000000	0.000000	0.000000	0.000000	0.000000	0.000000	0.000000	0.968520	1.028143
0	0.999999	0.000000	0.000000	0.000000	0.000000	0.000000	0.000000	0.000000	0.000000	0.000000	1.028143
1	0.999999	0.000001	0.000000	0.000000	0.000000	0.000000	0.000000	0.000000	0.000000	0.000000	1.028143
2	0.999999	0.000001	0.000000	0.000000	0.000000	0.000000	0.000000	0.000000	0.000000	0.000000	1.028143
3	0.999998	0.000001	0.000000	0.000000	0.000000	0.000000	0.000000	0.000000	0.000000	0.000000	1.028143
4	0.999998	0.000001	0.000000	0.000000	0.000000	0.000000	0.000000	0.000000	0.000000	0.000000	1.028143
5	0.999998	0.000001	0.000000	0.000000	0.000000	0.000000	0.000000	0.000000	0.000000	0.000000	1.028143
6	0.999998	0.000002	0.000000	0.000000	0.000000	0.000000	0.000000	0.000000	0.000000	0.000000	1.028143
7	0.999997	0.000003	0.000000	0.000000	0.000000	0.000000	0.000000	0.000000	0.000000	0.000000	1.028143
8	0.999996	0.000003	0.000000	0.000000	0.000000	0.000000	0.000000	0.000000	0.000000	0.000000	1.028143
9	0.999995	0.000004	0.000000	0.000000	0.000000	0.000000	0.000000	0.000000	0.000000	0.000000	1.028143
10	0.999995	0.000004	0.000000	0.000000	0.000000	0.000000	0.000000	0.000000	0.000000	0.000000	1.028143
11	0.999994	0.000004	0.000001	0.000000	0.000000	0.000000	0.000000	0.000000	0.000000	0.000000	1.028143
12	0.999994	0.000005	0.000001	0.000000	0.000000	0.000000	0.000000	0.000000	0.000000	0.000000	1.028143
13	0.999993	0.000006	0.000001	0.000000	0.000000	0.000000	0.000000	0.000000	0.000000	0.000000	1.028143
14	0.999993	0.000006	0.000001	0.000000	0.000000	0.000000	0.000000	0.000000	0.000000	0.000001	1.028143
15	0.999992	0.000006	0.000001	0.000000	0.000000	0.000000	0.000000	0.000000	0.000000	0.000001	1.028143
16	0.999991	0.000006	0.000001	0.000000	0.000000	0.000000	0.000000	0.000000	0.000000	0.000001	1.028143
17	0.999991	0.000007	0.000001	0.000001	0.000000	0.000000	0.000000	0.000000	0.000000	0.000001	1.028143
18	0.999990	0.000007	0.000001	0.000001	0.000000	0.000000	0.000000	0.000000	0.000000	0.000001	1.028143
19	0.999990	0.000007	0.000001	0.000001	0.000000	0.000000	0.000000	0.000000	0.000000	0.000001	1.028143
20	0.999989	0.000008	0.000001	0.000000	0.000000	0.000000	0.000000	0.000000	0.000000	0.000001	1.028143
21	0.999988	0.000008	0.000002	0.000000	0.000000	0.000000	0.000000	0.000000	0.000000	0.000002	1.028143
22	0.999987	0.000009	0.000002	0.000000	0.000000	0.000000	0.000000	0.000000	0.000000	0.000002	1.028143
23	0.999985	0.000010	0.000002	0.000000	0.000000	0.000000	0.000000	0.000000	0.000000	0.000002	1.028143
24	0.999984	0.000010	0.000002	0.000000	0.000000	0.000000	0.000000	0.000000	0.000000	0.000002	1.028143
25	0.999983	0.000011	0.000003	0.000000	0.000000	0.000000	0.000000	0.000000	0.000000	0.000002	1.028143
26	0.999982	0.000011	0.000004	0.000000	0.000000	0.000000	0.000000	0.000000	0.000000	0.000002	1.028143
27	0.999980	0.000013	0.000004	0.000001	0.000000	0.000000	0.000000	0.000000	0.000000	0.000002	1.028143
28	0.999978	0.000014	0.000004	0.000001	0.000000	0.000000	0.000000	0.000000	0.000000	0.000003	1.028143
29	0.999975	0.000016	0.000004	0.000001	0.000000	0.000000	0.000000	0.000000	0.000000	0.000003	1.028143
30	0.999973	0.000017	0.000005	0.000002	0.000000	0.000000	0.000000	0.000000	0.000000	0.000003	1.028143
31	0.999969	0.000020	0.000006	0.000001	0.000000	0.000000	0.000000	0.000000	0.000000	0.000003	1.028143
32	0.999966	0.000021	0.000007	0.000001	0.000000	0.000000	0.000000	0.000000	0.000000	0.000003	1.028143
33	0.999962	0.000024	0.000006	0.000002	0.000001	0.000000	0.000000	0.000000	0.000000	0.000004	1.028143
34	0.999958	0.000027	0.000007	0.000002	0.000001	0.000000	0.000000	0.000000	0.000000	0.000004	1.028143
35	0.999954	0.000028	0.000009	0.000003	0.000001	0.000001	0.000000	0.000001	0.000000	0.000005	1.028143
36	0.999948	0.000032	0.000009	0.000003	0.000001	0.000001	0.000000	0.000001	0.000000	0.000006	1.028143
37	0.999941	0.000038	0.000010	0.000002	0.000001	0.000001	0.000000	0.000001	0.000000	0.000006	1.028143
38	0.999934	0.000043	0.000011	0.000002	0.000001	0.000001	0.000000	0.000001	0.000000	0.000007	1.028143
39	0.999926	0.000048	0.000013	0.000002	0.000001	0.000001	0.000000	0.000001	0.000000	0.000008	1.028143
40	0.999918	0.000053	0.000013	0.000003	0.000001	0.000001	0.000000	0.000001	0.000000	0.000009	1.028143
41	0.999910	0.000058	0.000014	0.000002	0.000002	0.000002	0.000000	0.000001	0.000000	0.000010	1.028143
42	0.999901	0.000062	0.000017	0.000002	0.000003	0.000002	0.000001	0.000001	0.000000	0.000011	1.028143
43	0.999891	0.000069	0.000018	0.000003	0.000003	0.000002	0.000001	0.000002	0.000000	0.000012	1.028143
44	0.999879	0.000076	0.000021	0.000004	0.000003	0.000002	0.000000	0.000002	0.000000	0.000012	1.028143
45	0.999864	0.000086	0.000022	0.000004	0.000004	0.000002	0.000001	0.000002	0.000000	0.000014	1.028143
46	0.999849	0.000098	0.000024	0.000004	0.000005	0.000003	0.000001	0.000003	0.000000	0.000015	1.028143
47	0.999830	0.000112	0.000025	0.000005	0.000005	0.000003	0.000001	0.000003	0.000000	0.000016	1.028143
48	0.999815	0.000121	0.000028	0.000005	0.000006	0.000004	0.000000	0.000003	0.000000	0.000018	1.028143
49	0.999792	0.000138	0.000030	0.000007	0.000005	0.000004	0.000001	0.000004	0.000000	0.000020	1.028143
50	0.999771	0.000153	0.000033	0.000006	0.000005	0.000004	0.000000	0.000004	0.000000	0.000023	1.028143
51	0.999748	0.000167	0.000037	0.000007	0.000006	0.000004	0.000001	0.000004	0.000000	0.000025	1.028143
52	0.999718	0.000187	0.000041	0.000007	0.000007	0.000005	0.000002	0.000004	0.000000	0.000029	1.028143
53	0.999692	0.000206	0.000043	0.000007	0.000009	0.000005	0.000001	0.000005	0.000000	0.000032	1.028143
54	0.999661	0.000225	0.000050	0.000007	0.000009	0.000006	0.000001	0.000006	0.000000	0.000034	1.028143
55	0.999622	0.000248	0.000060	0.000008	0.000009	0.000006	0.000002	0.000006	0.000000	0.000038	1.028143
56	0.999578	0.000278	0.000067	0.000009	0.000010	0.000007	0.000002	0.000007	0.000000	0.000042	1.028143
57	0.999530	0.000309	0.000076	0.000011	0.000011	0.000007	0.000001	0.000008	0.000000	0.000047	1.028143
58	0.999479	0.000342	0.000084	0.000013	0.000014	0.000007	0.000002	0.000009	0.000000	0.000051	1.028143
59	0.999421	0.000380	0.000092	0.000015	0.000015	0.000008	0.000001	0.000010	0.000000	0.000056	1.028143
60	0.999357	0.000423	0.000103	0.000017	0.000017	0.000009	0.000002	0.000011	0.000000	0.000062	1.028143
61	0.999283	0.000470	0.000118	0.000016	0.000018	0.000010	0.000002	0.000012	0.000000	0.000070	1.028143
62	0.999203	0.000524	0.000131	0.000019	0.000020	0.000010	0.000003	0.000013	0.000000	0.000077	1.028143
63	0.999117	0.000582	0.000142	0.000023	0.000022	0.000012	0.000002	0.000014	0.000000	0.000086	1.028143
64	0.999018	0.000645	0.000162	0.000024	0.000024	0.000013	0.000002	0.000016	0.000000	0.000096	1.028143
65	0.998906	0.000722	0.000175	0.000029	0.000027	0.000014	0.000004	0.000016	0.000000	0.000105	1.028143
66	0.998790	0.000798	0.000194	0.000031	0.000032	0.000016	0.000004	0.000018	0.000000	0.000116	1.028143
67	0.998660	0.000885	0.000212	0.000033	0.000036	0.000018	0.000005	0.000020	0.000000	0.000130	1.028143
68	0.998523	0.000971	0.000235	0.000037	0.000040	0.000020	0.000006	0.000022	0.000000	0.000146	1.028143
69	0.998365	0.001074	0.000260	0.000044	0.000043	0.000022	0.000006	0.000025	0.000000	0.000161	1.028143
70	0.998187	0.001193	0.000287	0.000048	0.000047	0.000025	0.000007	0.000028	0.000000	0.000179	1.028143
71	0.997995	0.001318	0.000317	0.000053	0.000054	0.000028	0.000006	0.000032	0.000000	0.000197	1.028143
72	0.997778	0.001460	0.000352	0.000058	0.000060	0.000029	0.000007	0.000034	0.000000	0.000221	1.028143
73	0.997531	0.001626	0.000388	0.000067	0.000066	0.000033	0.000008	0.000037	0.000000	0.000245	1.028143
74	0.997264	0.001800	0.000435	0.000071	0.000072	0.000037	0.000008	0.000042	0.000000	0.000271	1.028143
75	0.996974	0.001986	0.000483	0.000080	0.000079	0.000042	0.000010	0.000045	0.000000	0.000300	1.028143
76	0.996645	0.002206	0.000529	0.000087	0.000088	0.000047	0.000012	0.000050	0.000000	0.000335	1.028143
77	0.996293	0.002428	0.000594	0.000093	0.000095	0.000053	0.000014	0.000056	0.000000	0.000375	1.028143
78	0.995895	0.002692	0.000651	0.000104	0.000105	0.000059	0.000017	0.000062	0.000000	0.000415	1.028143
79	0.995451	0.002981	0.000720	0.000120	0.000115	0.000067	0.000016	0.000071	0.000000	0.000459	1.028143
80	0.994963	0.003300	0.000800	0.000130	0.000128	0.000073	0.000017	0.000079	0.000001	0.000509	1.028143
81	0.994418	0.003654	0.000890	0.000148	0.000142	0.000079	0.000020	0.000088	0.000001	0.000560	1.028143
82	0.993839	0.004017	0.000992	0.000168	0.000156	0.000086	0.000022	0.000097	0.000001	0.000621	1.028143
83	0.993181	0.004443	0.001096	0.000187	0.000173	0.000098	0.000023	0.000108	0.000001	0.000690	1.028143
84	0.992440	0.004925	0.001217	0.000203	0.000195	0.000107	0.000025	0.000121	0.000001	0.000766	1.028143
85	0.991605	0.005473	0.001345	0.000225	0.000221	0.000119	0.000029	0.000133	0.000001	0.000849	1.028143
86	0.990702	0.006054	0.001504	0.000249	0.000240	0.000130	0.000030	0.000147	0.000001	0.000942	1.028143
87	0.989679	0.006725	0.001670	0.000275	0.000265	0.000143	0.000034	0.000160	0.000001	0.001047	1.028143
88	0.988553	0.007460	0.001852	0.000309	0.000298	0.000159	0.000038	0.000177	0.000001	0.001154	1.028143
89	0.987317	0.008261	0.002056	0.000342	0.000326	0.000176	0.000043	0.000194	0.000002	0.001282	1.028143
90	0.985954	0.009145	0.002274	0.000375	0.000359	0.000199	0.000051	0.000216	0.000002	0.001425	1.028143
91	0.984441	0.010147	0.002499	0.000409	0.000400	0.000221	0.000061	0.000239	0.000002	0.001580	1.028143
92	0.982788	0.011217	0.002769	0.000451	0.000445	0.000245	0.000062	0.000271	0.000002	0.001751	1.028143
93	0.980964	0.012397	0.003049	0.000504	0.000498	0.000276	0.000073	0.000301	0.000003	0.001936	1.028143
94	0.978968	0.013677	0.003376	0.000552	0.000552	0.000305	0.000083	0.000336	0.000003	0.002148	1.028143
95	0.976758	0.015114	0.003715	0.000614	0.000604	0.000340	0.000088	0.000375	0.000003	0.002389	1.028143
96	0.974321	0.016679	0.004116	0.000676	0.000667	0.000378	0.000095	0.000419	0.000003	0.002646	1.028143
97	0.971610	0.018425	0.004551	0.000760	0.000740	0.000417	0.000105	0.000469	0.000004	0.002919	1.028143
98	0.968602	0.020377	0.005026	0.000835	0.000821	0.000461	0.000115	0.000521	0.000004	0.003238	1.028143
99	0.965298	0.022512	0.005556	0.000917	0.000911	0.000507	0.000124	0.000580	0.000004	0.003591	1.028143
100	0.961668	0.024826	0.006169	0.001003	0.001007	0.000562	0.000134	0.000642	0.000005	0.003984	1.028143
101	0.957656	0.027391	0.006841	0.001113	0.001119	0.000624	0.000149	0.000704	0.000005	0.004399	1.028143
102	0.953313	0.030153	0.007547	0.001226	0.001230	0.000695	0.000170	0.000778	0.000006	0.004883	1.028143
103	0.948503	0.033223	0.008317	0.001361	0.001366	0.000767	0.000194	0.000858	0.000006	0.005403	1.028143
104	0.943218	0.036596	0.009164	0.001523	0.001519	0.000839	0.000212	0.000950	0.000007	0.005973	1.028143
105	0.937408	0.040283	0.010116	0.001695	0.001668	0.000933	0.000231	0.001052	0.000008	0.006607	1.028143
106	0.931043	0.044313	0.011154	0.001873	0.001848	0.001032	0.000250	0.001168	0.000009	0.007310	1.028143
107	0.924204	0.048648	0.012318	0.002061	0.002035	0.001135	0.000274	0.001220	0.000010	0.008093	1.028218
108	0.916765	0.053394	0.013582	0.002264	0.002262	0.001251	0.000311	0.001217	0.000011	0.008945	1.028352
109	0.908682	0.058513	0.014980	0.002479	0.002486	0.001391	0.000347	0.001217	0.000013	0.009892	1.028502
110	0.899923	0.064048	0.016482	0.002720	0.002743	0.001533	0.000378	0.001214	0.000015	0.010943	1.028679
111	0.890437	0.070051	0.018025	0.003030	0.003026	0.001704	0.000407	0.001207	0.000017	0.012098	1.028868
112	0.880193	0.076392	0.019822	0.003330	0.003334	0.001870	0.000450	0.001208	0.000019	0.013382	1.029066
113	0.869082	0.083273	0.021712	0.003685	0.003666	0.002059	0.000514	0.001203	0.000022	0.014785	1.029286
114	0.857193	0.090595	0.023738	0.004051	0.004020	0.002263	0.000558	0.001204	0.000024	0.016354	1.029538
115	0.844363	0.098420	0.025972	0.004435	0.004393	0.002486	0.000610	0.001200	0.000026	0.018095	1.029812
116	0.830559	0.106785	0.028365	0.004857	0.004851	0.002744	0.000665	0.001200	0.000029	0.019945	1.030118
117	0.815864	0.115564	0.030968	0.005326	0.005321	0.003016	0.000735	0.001205	0.000031	0.021970	1.030443
118	0.800177	0.124838	0.033765	0.005839	0.005833	0.003324	0.000787	0.001201	0.000033	0.024202	1.030827
119	0.783500	0.134549	0.036732	0.006379	0.006425	0.003658	0.000853	0.001201	0.000035	0.026669	1.031231
120	0.765759	0.144775	0.039936	0.006977	0.007020	0.004012	0.000953	0.001199	0.000036	0.029334	1.031665
121	0.747005	0.155472	0.043311	0.007637	0.007665	0.004374	0.001046	0.001200	0.000038	0.032251	1.032150
122	0.727220	0.166533	0.046967	0.008310	0.008356	0.004783	0.001127	0.001195	0.000041	0.035468	1.032700
123	0.706426	0.177971	0.050781	0.009002	0.009129	0.005244	0.001244	0.001196	0.000042	0.038964	1.033278
124	0.684698	0.189727	0.054812	0.009747	0.009932	0.005741	0.001335	0.001195	0.000045	0.042770	1.033932
125	0.662126	0.201549	0.059149	0.010552	0.010800	0.006244	0.001438	0.001194	0.000046	0.046901	1.034643
126	0.638617	0.213608	0.063666	0.011437	0.011679	0.006824	0.001561	0.001196	0.000048	0.051363	1.035404
127	0.614297	0.225783	0.068309	0.012384	0.012658	0.007415	0.001695	0.001192	0.000052	0.056216	1.036223
128	0.589249	0.237955	0.073158	0.013365	0.013710	0.008061	0.001803	0.001191	0.000054	0.061456	1.037135
129	0.563579	0.250033	0.078076	0.014445	0.014811	0.008735	0.001965	0.001191	0.000056	0.067110	1.038102
130	0.537378	0.261898	0.083222	0.015495	0.015937	0.009451	0.002114	0.001191	0.000058	0.073255	1.039138
131	0.510760	0.273472	0.088389	0.016631	0.017154	0.010218	0.002268	0.001188	0.000061	0.079860	1.040265
132	0.483923	0.284467	0.093733	0.017804	0.018407	0.011021	0.002430	0.001190	0.000064	0.086961	1.041493
133	0.456961	0.294844	0.099148	0.019030	0.019758	0.011875	0.002585	0.001187	0.000067	0.094545	1.042811
134	0.429824	0.304710	0.104638	0.020250	0.021128	0.012754	0.002757	0.001189	0.000070	0.102679	1.044197
135	0.402927	0.313661	0.110081	0.021522	0.022529	0.013701	0.002938	0.001188	0.000073	0.111381	1.045700
136	0.376230	0.321696	0.115565	0.022776	0.023968	0.014705	0.003120	0.001190	0.000075	0.120676	1.047283
137	0.349828	0.328890	0.120901	0.024088	0.025456	0.015739	0.003309	0.001184	0.000078	0.130528	1.048977
138	0.324161	0.334743	0.126160	0.025421	0.027010	0.016781	0.003469	0.001189	0.000080	0.140986	1.050783
139	0.299213	0.339339	0.131284	0.026751	0.028579	0.017869	0.003664	0.001186	0.000083	0.152033	1.052680
140	0.275036	0.342778	0.136098	0.028133	0.030094	0.019005	0.003855	0.001187	0.000085	0.163730	1.054693
141	0.251898	0.344815	0.140647	0.029379	0.031739	0.020147	0.004037	0.001186	0.000089	0.176064	1.056813
142	0.229795	0.345411	0.145104	0.030563	0.033235	0.021301	0.004242	0.001190	0.000091	0.189067	1.059025
143	0.208864	0.344676	0.149072	0.031777	0.034731	0.022481	0.004449	0.001189	0.000091	0.202670	1.061358
144	0.189332	0.342320	0.152812	0.032960	0.036230	0.023662	0.004602	0.001187	0.000094	0.216800	1.063813
145	0.170960	0.338758	0.156047	0.034110	0.037715	0.024864	0.004730	0.001192	0.000097	0.231527	1.066360
146	0.153876	0.333916	0.158728	0.035251	0.039131	0.026062	0.004914	0.001188	0.000098	0.246835	1.068983
147	0.138172	0.327661	0.161039	0.036242	0.040473	0.027269	0.005066	0.001191	0.000101	0.262786	1.071703
148	0.123876	0.320131	0.162945	0.037127	0.041758	0.028441	0.005205	0.001185	0.000103	0.279229	1.074526
149	0.110814	0.311692	0.164224	0.037998	0.042960	0.029587	0.005296	0.001187	0.000105	0.296138	1.077439
150	0.099095	0.302088	0.165050	0.038717	0.044060	0.030639	0.005496	0.001191	0.000107	0.313556	1.080377
151	0.088548	0.291795	0.165260	0.039354	0.044996	0.031666	0.005652	0.001196	0.000108	0.331426	1.083411
152	0.079283	0.280737	0.164879	0.039881	0.045867	0.032689	0.005705	0.001196	0.000108	0.349656	1.086576
153	0.071073	0.269002	0.164046	0.040188	0.046684	0.033638	0.005776	0.001197	0.000108	0.368287	1.089754
154	0.063876	0.256908	0.162607	0.040482	0.047315	0.034569	0.005817	0.001196	0.000109	0.387122	1.093001
155	0.057565	0.244409	0.160750	0.040584	0.047788	0.035403	0.005889	0.001192	0.000111	0.406309	1.096235
156	0.052100	0.231820	0.158379	0.040536	0.048064	0.036176	0.005964	0.001197	0.000111	0.425653	1.099507
157	0.047552	0.218956	0.155600	0.040370	0.048260	0.036848	0.005971	0.001193	0.000112	0.445136	1.102869
158	0.043579	0.206343	0.152276	0.040184	0.048272	0.037411	0.005984	0.001188	0.000112	0.464652	1.106200
159	0.040258	0.193826	0.148556	0.039827	0.048084	0.037950	0.005967	0.001194	0.000113	0.484225	1.109526
160	0.037460	0.181634	0.144423	0.039262	0.047834	0.038341	0.005980	0.001191	0.000113	0.503760	1.112851
161	0.035128	0.169855	0.139920	0.038608	0.047423	0.038654	0.005890	0.001196	0.000113	0.523214	1.116215
162	0.033198	0.158410	0.135110	0.037911	0.046919	0.038854	0.005884	0.001194	0.000113	0.542406	1.119516
163	0.031634	0.147508	0.130011	0.037049	0.046258	0.038972	0.005858	0.001192	0.000113	0.561405	1.122801
164	0.030360	0.137193	0.124675	0.036105	0.045453	0.038978	0.005749	0.001190	0.000113	0.580183	1.126077
165	0.029386	0.127350	0.119208	0.035019	0.044541	0.038834	0.005681	0.001190	0.000114	0.598676	1.129282
166	0.028601	0.118075	0.113712	0.033871	0.043461	0.038614	0.005557	0.001195	0.000114	0.616800	1.132457
167	0.028001	0.109411	0.108114	0.032692	0.042256	0.038317	0.005393	0.001190	0.000114	0.634511	1.135579
168	0.027551	0.101287	0.102586	0.031480	0.040988	0.037832	0.005269	0.001192	0.000114	0.651700	1.138615
169	0.027177	0.093772	0.097037	0.030227	0.039593	0.037317	0.005160	0.001192	0.000113	0.668412	1.141581
170	0.026913	0.086871	0.091465	0.028964	0.038176	0.036749	0.005007	0.001189	0.000113	0.684551	1.144457
171	0.026731	0.080484	0.086083	0.027573	0.036708	0.036016	0.004890	0.001191	0.000114	0.700208	1.147255
172	0.026626	0.074647	0.080687	0.026258	0.035236	0.035260	0.004744	0.001192	0.000115	0.715235	1.149982
173	0.026635	0.069280	0.075501	0.024891	0.033675	0.034433	0.004589	0.001189	0.000114	0.729695	1.152638
174	0.026699	0.064333	0.070561	0.023521	0.032039	0.033524	0.004394	0.001189	0.000112	0.743627	1.155221
175	0.026769	0.059818	0.065828	0.022176	0.030405	0.032540	0.004247	0.001194	0.000112	0.756911	1.157674
176	0.026912	0.055716	0.061284	0.020848	0.028825	0.031528	0.004052	0.001191	0.000112	0.769532	1.160079
177	0.027075	0.051953	0.056970	0.019601	0.027265	0.030469	0.003892	0.001191	0.000113	0.781471	1.162354
178	0.027244	0.048555	0.052866	0.018331	0.025705	0.029400	0.003707	0.001190	0.000114	0.792888	1.164539
179	0.027427	0.045407	0.049044	0.017165	0.024227	0.028254	0.003556	0.001191	0.000113	0.803614	1.166620
180	0.027610	0.042563	0.045476	0.016011	0.022745	0.027124	0.003399	0.001192	0.000115	0.813766	1.168604
181	0.027775	0.039949	0.042112	0.014997	0.021354	0.025962	0.003240	0.001191	0.000114	0.823305	1.170498
182	0.028015	0.037506	0.038954	0.013993	0.020000	0.024780	0.003083	0.001192	0.000114	0.832362	1.172316
183	0.028247	0.035223	0.036145	0.012955	0.018695	0.023625	0.002912	0.001187	0.000114	0.840898	1.174044
184	0.028481	0.033131	0.033497	0.012008	0.017440	0.022466	0.002767	0.001192	0.000115	0.848902	1.175674
185	0.028708	0.031207	0.031019	0.011129	0.016281	0.021326	0.002654	0.001191	0.000115	0.856370	1.177203
186	0.028968	0.029361	0.028812	0.010308	0.015177	0.020183	0.002503	0.001191	0.000115	0.863382	1.178683
187	0.029240	0.027648	0.026764	0.009564	0.014104	0.019080	0.002362	0.001192	0.000116	0.869929	1.180083
188	0.029445	0.026035	0.024945	0.008887	0.013093	0.017994	0.002263	0.001194	0.000115	0.876029	1.181378
189	0.029684	0.024559	0.023243	0.008245	0.012155	0.016950	0.002133	0.001192	0.000117	0.881722	1.182637
190	0.029917	0.023137	0.021718	0.007619	0.011271	0.015947	0.001997	0.001189	0.000116	0.887088	1.183819
191	0.030128	0.021818	0.020312	0.007054	0.010468	0.014980	0.001868	0.001187	0.000116	0.892070	1.184927
192	0.030314	0.020538	0.019034	0.006568	0.009718	0.014087	0.001739	0.001191	0.000118	0.896692	1.185944
193	0.030492	0.019344	0.017840	0.006151	0.009013	0.013201	0.001644	0.001196	0.000118	0.901001	1.186912
194	0.030657	0.018199	0.016748	0.005730	0.008417	0.012357	0.001554	0.001188	0.000119	0.905031	1.187816
195	0.030807	0.017132	0.015702	0.005372	0.007848	0.011588	0.001474	0.001188	0.000122	0.908765	1.188650
196	0.030964	0.016088	0.014786	0.005036	0.007305	0.010854	0.001373	0.001190	0.000123	0.912281	1.189447
197	0.031102	0.015106	0.013952	0.004683	0.006812	0.010143	0.001295	0.001191	0.000122	0.915594	1.190189
198	0.031232	0.014217	0.013133	0.004383	0.006336	0.009472	0.001223	0.001190	0.000122	0.918692	1.190887
199	0.031358	0.013347	0.012377	0.004101	0.005925	0.008836	0.001154	0.001193	0.000122	0.921587	1.191540
200	0.031472	0.012535	0.011649	0.003864	0.005549	0.008239	0.001084	0.001193	0.000122	0.924293	1.192160
201	0.031589	0.011783	0.010976	0.003621	0.005196	0.007692	0.001011	0.001192	0.000121	0.926820	1.192748
202	0.031678	0.011066	0.010347	0.003413	0.004895	0.007173	0.000941	0.001191	0.000122	0.929173	1.193278
203	0.031770	0.010375	0.009747	0.003199	0.004587	0.006712	0.000887	0.001191	0.000123	0.931409	1.193774
204	0.031856	0.009732	0.009192	0.003013	0.004301	0.006282	0.000814	0.001193	0.000123	0.933495	1.194246
205	0.031921	0.009124	0.008659	0.002843	0.004037	0.005875	0.000762	0.001191	0.000124	0.935464	1.194669
206	0.031971	0.008562	0.008152	0.002669	0.003795	0.005493	0.000709	0.001186	0.000122	0.937339	1.195059
207	0.032012	0.008016	0.007678	0.002526	0.003572	0.005139	0.000666	0.001189	0.000123	0.939079	1.195417
208	0.032046	0.007515	0.007207	0.002390	0.003382	0.004799	0.000638	0.001189	0.000121	0.940714	1.195749
209	0.032086	0.007050	0.006786	0.002243	0.003168	0.004484	0.000597	0.001191	0.000120	0.942273	1.196068
210	0.032126	0.006612	0.006372	0.002126	0.002996	0.004204	0.000544	0.001192	0.000121	0.943708	1.196372
211	0.032155	0.006209	0.005965	0.001999	0.002823	0.003933	0.000509	0.001193	0.000120	0.945093	1.196644
212	0.032169	0.005827	0.005611	0.001868	0.002647	0.003693	0.000483	0.001190	0.000120	0.946392	1.196888
213	0.032188	0.005459	0.005264	0.001773	0.002495	0.003457	0.000454	0.001192	0.000121	0.947596	1.197119
214	0.032208	0.005119	0.004928	0.001663	0.002347	0.003257	0.000415	0.001191	0.000122	0.948750	1.197339
215	0.032213	0.004794	0.004619	0.001561	0.002212	0.003055	0.000389	0.001194	0.000121	0.949841	1.197533
216	0.032218	0.004482	0.004348	0.001458	0.002073	0.002866	0.000371	0.001190	0.000121	0.950874	1.197718
217	0.032222	0.004197	0.004079	0.001367	0.001944	0.002689	0.000343	0.001192	0.000121	0.951846	1.197885
218	0.032223	0.003948	0.003817	0.001280	0.001831	0.002524	0.000307	0.001188	0.000122	0.952760	1.198043
219	0.032205	0.003703	0.003595	0.001190	0.001725	0.002366	0.000295	0.001195	0.000121	0.953605	1.198171
220	0.032194	0.003469	0.003376	0.001123	0.001607	0.002230	0.000281	0.001192	0.000119	0.954408	1.198293
221	0.032196	0.003249	0.003156	0.001062	0.001518	0.002087	0.000262	0.001194	0.000119	0.955157	1.198414
222	0.032184	0.003052	0.002958	0.001006	0.001415	0.001960	0.000246	0.001192	0.000118	0.955869	1.198526
223	0.032163	0.002869	0.002769	0.000945	0.001337	0.001839	0.000234	0.001191	0.000118	0.956536	1.198623
224	0.032146	0.002692	0.002594	0.000888	0.001246	0.001724	0.000225	0.001190	0.000119	0.957176	1.198709
225	0.032137	0.002526	0.002424	0.000828	0.001174	0.001622	0.000203	0.001189	0.000118	0.957779	1.198792
226	0.032119	0.002367	0.002262	0.000777	0.001109	0.001519	0.000193	0.001193	0.000117	0.958344	1.198863
227	0.032107	0.002220	0.002130	0.000718	0.001031	0.001428	0.000170	0.001192	0.000117	0.958887	1.198935
228	0.032083	0.002081	0.001989	0.000674	0.000963	0.001335	0.000168	0.001190	0.000117	0.959400	1.198988
229	0.032064	0.001953	0.001857	0.000635	0.000906	0.001251	0.000151	0.001196	0.000116	0.959871	1.199041
230	0.032046	0.001826	0.001739	0.000594	0.000848	0.001169	0.000151	0.001191	0.000116	0.960319	1.199087
231	0.032024	0.001714	0.001634	0.000547	0.000785	0.001100	0.000137	0.001191	0.000115	0.960752	1.199131
232	0.031999	0.001608	0.001521	0.000522	0.000729	0.001037	0.000129	0.001192	0.000114	0.961149	1.199165
233	0.031977	0.001505	0.001419	0.000496	0.000686	0.000970	0.000119	0.001186	0.000112	0.961529	1.199198
234	0.031944	0.001413	0.001336	0.000463	0.000640	0.000911	0.000108	0.001192	0.000112	0.961881	1.199216
235	0.031917	0.001324	0.001252	0.000430	0.000604	0.000853	0.000100	0.001189	0.000112	0.962219	1.199238
236	0.031886	0.001239	0.001174	0.000401	0.000564	0.000806	0.000092	0.001193	0.000110	0.962535	1.199250
237	0.031856	0.001169	0.001098	0.000374	0.000529	0.000754	0.000088	0.001192	0.000110	0.962831	1.199263
238	0.031823	0.001094	0.001034	0.000343	0.000498	0.000708	0.000085	0.001188	0.000109	0.963118	1.199271
239	0.031788	0.001023	0.000963	0.000327	0.000470	0.000663	0.000084	0.001190	0.000108	0.963384	1.199273
240	0.031758	0.000962	0.000898	0.000310	0.000436	0.000616	0.000082	0.001189	0.000108	0.963641	1.199275
241	0.031728	0.000902	0.000838	0.000293	0.000403	0.000583	0.000070	0.001191	0.000108	0.963885	1.199278
242	0.031700	0.000846	0.000783	0.000276	0.000379	0.000546	0.000066	0.001187	0.000107	0.964110	1.199280
243	0.031676	0.000796	0.000728	0.000256	0.000359	0.000513	0.000060	0.001180	0.000107	0.964324	1.199282
244	0.031650	0.000747	0.000685	0.000234	0.000337	0.000480	0.000060	0.001164	0.000106	0.964537	1.199284
245	0.031630	0.000700	0.000642	0.000218	0.000311	0.000453	0.000056	0.001152	0.000105	0.964732	1.199286
246	0.031608	0.000657	0.000600	0.000206	0.000295	0.000424	0.000053	0.001140	0.000104	0.964913	1.199289
247	0.031589	0.000616	0.000564	0.000189	0.000276	0.000396	0.000052	0.001132	0.000103	0.965084	1.199291
248	0.031569	0.000585	0.000521	0.000177	0.000258	0.000373	0.000048	0.001113	0.000103	0.965254	1.199293
249	0.031553	0.000546	0.000490	0.000170	0.000243	0.000348	0.000043	0.001095	0.000101	0.965412	1.199295
250	0.031538	0.000514	0.000463	0.000155	0.000226	0.000325	0.000038	0.001074	0.000100	0.965569	1.199297
251	0.031525	0.000484	0.000427	0.000152	0.000211	0.000303	0.000036	0.001047	0.000098	0.965717	1.199300
252	0.031512	0.000458	0.000399	0.000142	0.000200	0.000280	0.000036	0.001022	0.000096	0.965856	1.199303
253	0.031500	0.000431	0.000373	0.000132	0.000186	0.000263	0.000033	0.000999	0.000096	0.965987	1.199305
254	0.031488	0.000406	0.000350	0.000125	0.000174	0.000246	0.000032	0.000973	0.000094	0.966111	1.199307
255	0.031477	0.000383	0.000322	0.000118	0.000166	0.000231	0.000029	0.000946	0.000095	0.966234	1.199309
256	0.031466	0.000361	0.000303	0.000109	0.000150	0.000216	0.000028	0.000918	0.000094	0.966355	1.199311
257	0.031458	0.000343	0.000284	0.000099	0.000139	0.000203	0.000026	0.000890	0.000093	0.966466	1.199314
258	0.031446	0.000327	0.000266	0.000091	0.000131	0.000190	0.000023	0.000864	0.000092	0.966570	1.199315
259	0.031436	0.000312	0.000249	0.000085	0.000124	0.000177	0.000019	0.000836	0.000091	0.966671	1.199316
260	0.031429	0.000298	0.000230	0.000078	0.000116	0.000166	0.000018	0.000806	0.000090	0.966767	1.199319
261	0.031422	0.000283	0.000219	0.000074	0.000108	0.000156	0.000019	0.000773	0.000090	0.966857	1.199321
262	0.031415	0.000271	0.000205	0.000069	0.000099	0.000146	0.000018	0.000744	0.000089	0.966945	1.199323
263	0.031408	0.000259	0.000190	0.000068	0.000090	0.000137	0.000017	0.000716	0.000087	0.967029	1.199324
264	0.031402	0.000247	0.000177	0.000063	0.000085	0.000128	0.000015	0.000691	0.000087	0.967105	1.199325
265	0.031395	0.000237	0.000164	0.000058	0.000079	0.000119	0.000015	0.000666	0.000086	0.967181	1.199327
266	0.031390	0.000228	0.000152	0.000055	0.000075	0.000111	0.000014	0.000638	0.000085	0.967253	1.199329
267	0.031385	0.000216	0.000146	0.000052	0.000072	0.000102	0.000012	0.000609	0.000083	0.967322	1.199331
268	0.031381	0.000205	0.000140	0.000050	0.000069	0.000094	0.000012	0.000580	0.000081	0.967387	1.199333
269	0.031379	0.000195	0.000132	0.000045	0.000066	0.000087	0.000012	0.000554	0.000079	0.967452	1.199336
270	0.031376	0.000188	0.000123	0.000042	0.000061	0.000081	0.000011	0.000528	0.000078	0.967513	1.199338
271	0.031371	0.000182	0.000116	0.000039	0.000057	0.000075	0.000010	0.000503	0.000077	0.967570	1.199339
272	0.031368	0.000177	0.000108	0.000037	0.000054	0.000070	0.000009	0.000479	0.000074	0.967625	1.199341
273	0.031366	0.000167	0.000103	0.000033	0.000049	0.000067	0.000008	0.000456	0.000073	0.967678	1.199343
274	0.031365	0.000159	0.000094	0.000034	0.000048	0.000062	0.000008	0.000430	0.000071	0.967728	1.199345
275	0.031362	0.000153	0.000089	0.000031	0.000044	0.000059	0.000007	0.000407	0.000070	0.967778	1.199347
276	0.031360	0.000147	0.000084	0.000028	0.000040	0.000054	0.000007	0.000384	0.000068	0.967827	1.199348
277	0.031358	0.000141	0.000079	0.000026	0.000038	0.000050	0.000008	0.000360	0.000067	0.967873	1.199349
278	0.031355	0.000137	0.000075	0.000024	0.000034	0.000048	0.000006	0.000339	0.000067	0.967915	1.199350
279	0.031354	0.000132	0.000070	0.000025	0.000031	0.000045	0.000006	0.000320	0.000065	0.967953	1.199352
280	0.031352	0.000128	0.000064	0.000022	0.000029	0.000042	0.000004	0.000304	0.000063	0.967990	1.199353
281	0.031352	0.000123	0.000061	0.000021	0.000028	0.000039	0.000005	0.000285	0.000062	0.968026	1.199354
282	0.031351	0.000119	0.000056	0.000019	0.000027	0.000037	0.000005	0.000266	0.000060	0.968059	1.199356
283	0.031350	0.000115	0.000055	0.000017	0.000025	0.000036	0.000004	0.000249	0.000059	0.968090	1.199358
284	0.031349	0.000113	0.000050	0.000016	0.000024	0.000034	0.000004	0.000234	0.000058	0.968119	1.199359
285	0.031349	0.000108	0.000048	0.000016	0.000022	0.000032	0.000004	0.000218	0.000056	0.968146	1.199360
286	0.031348	0.000106	0.000046	0.000014	0.000021	0.000030	0.000003	0.000205	0.000055	0.968172	1.199362
287	0.031347	0.000102	0.000044	0.000014	0.000020	0.000029	0.000003	0.000190	0.000054	0.968196	1.199362
288	0.031346	0.000100	0.000041	0.000013	0.000019	0.000027	0.000003	0.000177	0.000052	0.968221	1.199364
289	0.031347	0.000098	0.000039	0.000011	0.000017	0.000025	0.000003	0.000166	0.000050	0.968245	1.199366
290	0.031346	0.000097	0.000035	0.000011	0.000016	0.000024	0.000003	0.000156	0.000048	0.968265	1.199367
291	0.031346	0.000096	0.000033	0.000009	0.000015	0.000022	0.000002	0.000146	0.000046	0.968284	1.199369
292	0.031345	0.000092	0.000032	0.000010	0.000014	0.000021	0.000002	0.000135	0.000044	0.968304	1.199370
293	0.031345	0.000090	0.000030	0.000010	0.000012	0.000020	0.000002	0.000124	0.000044	0.968324	1.199371
294	0.031344	0.000088	0.000028	0.000009	0.000012	0.000019	0.000002	0.000116	0.000042	0.968338	1.199372
295	0.031344	0.000087	0.000027	0.000007	0.000012	0.000017	0.000002	0.000108	0.000041	0.968354	1.199373
296	0.031344	0.000086	0.000025	0.000008	0.000012	0.000016	0.000002	0.000100	0.000039	0.968369	1.199375
297	0.031344	0.000085	0.000024	0.000007	0.000011	0.000014	0.000002	0.000093	0.000037	0.968383	1.199376
298	0.031344	0.000083	0.000023	0.000007	0.000011	0.000013	0.000002	0.000087	0.000035	0.968395	1.199377
299	0.031344	0.000082	0.000020	0.000007	0.000011	0.000012	0.000002	0.000082	0.000035	0.968405	1.199378
300	0.031343	0.000081	0.000018	0.000007	0.000010	0.000012	0.000001	0.000077	0.000034	0.968416	1.199378
301	0.031343	0.000079	0.000018	0.000006	0.000010	0.000010	0.000002	0.000071	0.000033	0.968427	1.199379
302	0.031343	0.000079	0.000017	0.000007	0.000009	0.000009	0.000002	0.000067	0.000031	0.968436	1.199380
303	0.031343	0.000078	0.000016	0.000005	0.000009	0.000008	0.000001	0.000063	0.000030	0.968445	1.199381
304	0.031343	0.000077	0.000015	0.000005	0.000008	0.000008	0.000001	0.000060	0.000029	0.968453	1.199381
305	0.031343	0.000076	0.000015	0.000003	0.000007	0.000007	0.000002	0.000057	0.000027	0.968462	1.199382
306	0.031344	0.000074	0.000013	0.000004	0.000007	0.000007	0.000001	0.000053	0.000027	0.968469	1.199383
307	0.031345	0.000073	0.000013	0.000004	0.000006	0.000006	0.000001	0.000050	0.000025	0.968477	1.199384
308	0.031345	0.000072	0.000013	0.000003	0.000006	0.000006	0.000001	0.000047	0.000023	0.968484	1.199385
309	0.031345	0.000071	0.000013	0.000003	0.000005	0.000006	0.000001	0.000045	0.000021	0.968490	1.199386
310	0.031345	0.000070	0.000012	0.000004	0.000004	0.000005	0.000001	0.000043	0.000021	0.968495	1.199386
311	0.031345	0.000069	0.000011	0.000003	0.000004	0.000005	0.000001	0.000041	0.000020	0.968500	1.199387
312	0.031345	0.000069	0.000010	0.000003	0.000005	0.000005	0.000001	0.000039	0.000019	0.968505	1.199387
313	0.031346	0.000068	0.000010	0.000003	0.000004	0.000004	0.000001	0.000036	0.000018	0.968510	1.199388
314	0.031346	0.000068	0.000008	0.000004	0.000004	0.000004	0.000000	0.000035	0.000017	0.968514	1.199388
315	0.031346	0.000067	0.000008	0.000003	0.000004	0.000004	0.000000	0.000032	0.000016	0.968519	1.199389
316	0.031347	0.000067	0.000007	0.000003	0.000004	0.000004	0.000000	0.000030	0.000015	0.968524	1.199390
317	0.031347	0.000067	0.000007	0.000002	0.000004	0.000004	0.000000	0.000028	0.000014	0.968528	1.199391
318	0.031348	0.000066	0.000006	0.000002	0.000004	0.000003	0.000000	0.000026	0.000013	0.968531	1.199392
319	0.031348	0.000066	0.000005	0.000002	0.000003	0.000003	0.000001	0.000025	0.000012	0.968535	1.199392
320	0.031348	0.000065	0.000006	0.000002	0.000003	0.000003	0.000000	0.000024	0.000011	0.968538	1.199393
321	0.031349	0.000065	0.000004	0.000002	0.000003	0.000002	0.000001	0.000022	0.000011	0.968541	1.199393
322	0.031349	0.000064	0.000005	0.000001	0.000003	0.000002	0.000000	0.000021	0.000010	0.968545	1.199394
323	0.031349	0.000064	0.000005	0.000001	0.000002	0.000002	0.000000	0.000020	0.000009	0.968548	1.199394
324	0.031349	0.000064	0.000005	0.000001	0.000002	0.000002	0.000000	0.000018	0.000009	0.968550	1.199394
325	0.031349	0.000063	0.000004	0.000001	0.000002	0.000002	0.000000	0.000016	0.000008	0.968553	1.199394
326	0.031349	0.000063	0.000004	0.000001	0.000002	0.000002	0.000000	0.000015	0.000008	0.968555	1.199395
327	0.031349	0.000063	0.000004	0.000001	0.000002	0.000002	0.000000	0.000015	0.000008	0.968556	1.199395
328	0.031349	0.000063	0.000003	0.000001	0.000002	0.000002	0.000000	0.000014	0.000008	0.968558	1.199395
329	0.031349	0.000063	0.000003	0.000001	0.000002	0.000002	0.000000	0.000013	0.000008	0.968560	1.199395
330	0.031349	0.000062	0.000003	0.000001	0.000002	0.000002	0.000000	0.000013	0.000007	0.968561	1.199395
331	0.031350	0.000062	0.000003	0.000001	0.000002	0.000002	0.000000	0.000011	0.000006	0.968563	1.199396
332	0.031350	0.000062	0.000002	0.000001	0.000002	0.000002	0.000000	0.000010	0.000006	0.968565	1.199396
333	0.031350	0.000062	0.000003	0.000001	0.000002	0.000002	0.000000	0.000010	0.000006	0.968566	1.199396
334	0.031350	0.000062	0.000002	0.000001	0.000002	0.000002	0.000000	0.000009	0.000006	0.968568	1.199397
335	0.031350	0.000062	0.000002	0.000001	0.000002	0.000002	0.000000	0.000008	0.000005	0.968569	1.199397
336	0.031350	0.000061	0.000002	0.000001	0.000001	0.000002	0.000000	0.000008	0.000005	0.968570	1.199397
337	0.031350	0.000061	0.000002	0.000001	0.000001	0.000002	0.000000	0.000007	0.000005	0.968571	1.199397
338	0.031350	0.000061	0.000002	0.000000	0.000001	0.000001	0.000000	0.000007	0.000004	0.968573	1.199397
339	0.031350	0.000061	0.000002	0.000000	0.000001	0.000001	0.000000	0.000007	0.000004	0.968573	1.199397
340	0.031350	0.000061	0.000002	0.000000	0.000001	0.000001	0.000000	0.000006	0.000004	0.968575	1.199397
341	0.031350	0.000061	0.000002	0.000000	0.000001	0.000001	0.000000	0.000005	0.000004	0.968576	1.199397
342	0.031350	0.000061	0.000002	0.000000	0.000001	0.000001	0.000000	0.000005	0.000004	0.968576	1.199398
343	0.031350	0.000061	0.000002	0.000000	0.000001	0.000001	0.000000	0.000005	0.000003	0.968577	1.199398
344	0.031351	0.000060	0.000002	0.000000	0.000001	0.000001	0.000000	0.000005	0.000003	0.968577	1.199398
345	0.031350	0.000060	0.000001	0.000000	0.000001	0.000001	0.000000	0.000004	0.000003	0.968578	1.199398
346	0.031350	0.000060	0.000001	0.000000	0.000001	0.000001	0.000000	0.000004	0.000003	0.968579	1.199398
347	0.031350	0.000060	0.000001	0.000001	0.000001	0.000001	0.000000	0.000004	0.000003	0.968579	1.199398
348	0.031350	0.000060	0.000001	0.000001	0.000000	0.000001	0.000000	0.000004	0.000003	0.968580	1.199398
349	0.031350	0.000060	0.000001	0.000001	0.000000	0.000001	0.000000	0.000004	0.000002	0.968580	1.199398
350	0.031350	0.000060	0.000001	0.000001	0.000000	0.000001	0.000000	0.000004	0.000002	0.968581	1.199398
351	0.031351	0.000060	0.000001	0.000000	0.000000	0.000001	0.000000	0.000003	0.000002	0.968582	1.199398
352	0.031350	0.000060	0.000001	0.000000	0.000000	0.000001	0.000000	0.000003	0.000002	0.968582	1.199398
353	0.031350	0.000060	0.000001	0.000000	0.000000	0.000001	0.000000	0.000003	0.000001	0.968583	1.199398
354	0.031351	0.000060	0.000001	0.000000	0.000000	0.000000	0.000000	0.000003	0.000001	0.968583	1.199398
355	0.031350	0.000060	0.000001	0.000000	0.000000	0.000000	0.000000	0.000003	0.000001	0.968583	1.199398
356	0.031351	0.000060	0.000001	0.000000	0.000000	0.000000	0.000000	0.000003	0.000001	0.968583	1.199399
357	0.031351	0.000060	0.000001	0.000000	0.000000	0.000000	0.000000	0.000003	0.000001	0.968584	1.199399
358	0.031351	0.000060	0.000001	0.000000	0.000000	0.000000	0.000000	0.000003	0.000001	0.968584	1.199399
359	0.031350	0.000060	0.000000	0.000000	0.000000	0.000000	0.000000	0.000003	0.000001	0.968584	1.199399
360	0.031350	0.000060	0.000000	0.000000	0.000000	0.000000	0.000000	0.000003	0.000001	0.968584	1.199399
361	0.031350	0.000060	0.000000	0.000000	0.000000	0.000000	0.000000	0.000003	0.000001	0.968585	1.199399
362	0.031350	0.000060	0.000000	0.000000	0.000000	0.000000	0.000000	0.000003	0.000001	0.968585	1.199399
363	0.031350	0.000060	0.000000	0.000000	0.000000	0.000000	0.000000	0.000002	0.000001	0.968585	1.199399
364	0.031350	0.000060	0.000000	0.000000	0.000000	0.000000	0.000000	0.000002	0.000001	0.968586	1.199399
365	0.031350	0.000060	0.000000	0.000000	0.000000	0.000000	0.000000	0.000002	0.000001	0.968586	1.199399
366	0.031351	0.000060	0.000000	0.000000	0.000000	0.000000	0.000000	0.000002	0.000001	0.968587	1.199399
367	0.031351	0.000059	0.000001	0.000000	0.000000	0.000000	0.000000	0.000002	0.000001	0.968587	1.199399
368	0.031351	0.000059	0.000001	0.000000	0.000000	0.000000	0.000000	0.000002	0.000001	0.968587	1.199399
369	0.031351	0.000059	0.000000	0.000000	0.000000	0.000000	0.000000	0.000002	0.000001	0.968587	1.199399
370	0.031351	0.000059	0.000000	0.000000	0.000000	0.000000	0.000000	0.000002	0.000000	0.968587	1.199399
371	0.031351	0.000059	0.000001	0.000000	0.000000	0.000000	0.000000	0.000002	0.000000	0.968587	1.199399
372	0.031351	0.000059	0.000001	0.000000	0.000000	0.000000	0.000000	0.000002	0.000000	0.968587	1.199399
373	0.031350	0.000059	0.000000	0.000000	0.000000	0.000000	0.000000	0.000001	0.000000	0.968588	1.199399
374	0.031350	0.000059	0.000001	0.000000	0.000000	0.000000	0.000000	0.000001	0.000000	0.968588	1.199399
375	0.031350	0.000059	0.000000	0.000000	0.000000	0.000000	0.000000	0.000001	0.000000	0.968588	1.199399
376	0.031350	0.000059	0.000000	0.000000	0.000000	0.000000	0.000000	0.000001	0.000000	0.968588	1.199399
377	0.031350	0.000059	0.000000	0.000000	0.000000	0.000000	0.000000	0.000001	0.000000	0.968588	1.199399
378	0.031350	0.000059	0.000000	0.000000	0.000000	0.000000	0.000000	0.000001	0.000000	0.968588	1.199399
379	0.031350	0.000059	0.000000	0.000000	0.000000	0.000000	0.000000	0.000001	0.000000	0.968588	1.199399
380	0.031350	0.000059	0.000000	0.000000	0.000000	0.000000	0.000000	0.000001	0.000000	0.968588	1.199399
381	0.031350	0.000059	0.000000	0.000000	0.000000	0.000000	0.000000	0.000001	0.000000	0.968588	1.199399
382	0.031350	0.000059	0.000000	0.000000	0.000000	0.000000	0.000000	0.000001	0.000000	0.968589	1.199399
383	0.031350	0.000059	0.000000	0.000000	0.000000	0.000000	0.000000	0.000001	0.000000	0.968589	1.199399
384	0.031350	0.000060	0.000000	0.000000	0.000000	0.000000	0.000000	0.000001	0.000000	0.968589	1.199399
385	0.031350	0.000060	0.000000	0.000000	0.000000	0.000000	0.000000	0.000001	0.000000	0.968589	1.199399
386	0.031350	0.000059	0.000000	0.000000	0.000000	0.000000	0.000000	0.000001	0.000000	0.968589	1.199399
387	0.031350	0.000059	0.000000	0.000000	0.000000	0.000000	0.000000	0.000001	0.000000	0.968589	1.199399
