0	0.031321	0.000065	0.000000	0.000000	0.000000	0.000000	0.000000	0.000000	0.000000	0.968613	0.513586
0	0.999999	0.000000	0.000000	0.000000	0.000000	0.000000	0.000000	0.000000	0.000000	0.000000	0.513586
1	0.999999	0.000000	0.000000	0.000000	0.000000	0.000000	0.000000	0.000000	0.000000	0.000000	0.513586
2	0.999999	0.000001	0.000000	0.000000	0.000000	0.000000	0.000000	0.000000	0.000000	0.000000	0.513586
3	0.999999	0.000001	0.000000	0.000000	0.000000	0.000000	0.000000	0.000000	0.000000	0.000000	0.513586
4	0.999998	0.000001	0.000000	0.000000	0.000000	0.000000	0.000000	0.000000	0.000000	0.000000	0.513586
5	0.999998	0.000001	0.000000	0.000000	0.000000	0.000000	0.000000	0.000000	0.000000	0.000000	0.513586
6	0.999998	0.000001	0.000000	0.000000	0.000000	0.000000	0.000000	0.000000	0.000000	0.000000	0.513586
7	0.999998	0.000002	0.000000	0.000000	0.000000	0.000000	0.000000	0.000000	0.000000	0.000000	0.513586
8	0.999997	0.000002	0.000000	0.000000	0.000000	0.000000	0.000000	0.000000	0.000000	0.000000	0.513586
9	0.999997	0.000002	0.000001	0.000000	0.000000	0.000000	0.000000	0.000000	0.000000	0.000000	0.513586
10	0.999997	0.000002	0.000001	0.000000	0.000000	0.000000	0.000000	0.000000	0.000000	0.000000	0.513586
11	0.999997	0.000002	0.000001	0.000000	0.000000	0.000000	0.000000	0.000000	0.000000	0.000000	0.513586
12	0.999996	0.000003	0.000001	0.000000	0.000000	0.000000	0.000000	0.000000	0.000000	0.000000	0.513586
13	0.999995	0.000003	0.000000	0.000000	0.000000	0.000000	0.000000	0.000000	0.000000	0.000000	0.513586
14	0.999994	0.000004	0.000001	0.000000	0.000000	0.000000	0.000000	0.000000	0.000000	0.000000	0.513586
15	0.999994	0.000004	0.000001	0.000000	0.000000	0.000000	0.000000	0.000000	0.000000	0.000001	0.513586
16	0.999993	0.000005	0.000001	0.000000	0.000000	0.000000	0.000000	0.000000	0.000000	0.000001	0.513586
17	0.999992	0.000005	0.000001	0.000000	0.000000	0.000000	0.000000	0.000000	0.000000	0.000001	0.513586
18	0.999991	0.000006	0.000001	0.000000	0.000000	0.000000	0.000000	0.000000	0.000000	0.000001	0.513586
19	0.999990	0.000007	0.000001	0.000000	0.000000	0.000000	0.000000	0.000000	0.000000	0.000001	0.513586
20	0.999990	0.000007	0.000001	0.000000	0.000000	0.000000	0.000000	0.000000	0.000000	0.000001	0.513586
21	0.999989	0.000007	0.000002	0.000000	0.000000	0.000000	0.000000	0.000000	0.000000	0.000001	0.513586
22	0.999989	0.000008	0.000002	0.000000	0.000000	0.000000	0.000000	0.000000	0.000000	0.000001	0.513586
23	0.999988	0.000008	0.000002	0.000000	0.000000	0.000000	0.000000	0.000000	0.000000	0.000001	0.513586
24	0.999986	0.000009	0.000002	0.000000	0.000000	0.000000	0.000000	0.000000	0.000000	0.000001	0.513586
25	0.999985	0.000009	0.000003	0.000001	0.000000	0.000000	0.000000	0.000001	0.000000	0.000001	0.513586
26	0.999983	0.000011	0.000003	0.000000	0.000000	0.000000	0.000000	0.000001	0.000000	0.000002	0.513586
27	0.999981	0.000012	0.000003	0.000001	0.000001	0.000000	0.000000	0.000001	0.000000	0.000002	0.513586
28	0.999979	0.000013	0.000003	0.000001	0.000001	0.000000	0.000000	0.000001	0.000000	0.000002	0.513586
29	0.999977	0.000015	0.000004	0.000001	0.000001	0.000000	0.000000	0.000001	0.000000	0.000002	0.513586
30	0.999975	0.000016	0.000004	0.000001	0.000000	0.000000	0.000000	0.000001	0.000000	0.000003	0.513586
31	0.999972	0.000018	0.000005	0.000001	0.000000	0.000000	0.000000	0.000001	0.000000	0.000004	0.513586
32	0.999969	0.000020	0.000005	0.000001	0.000000	0.000000	0.000000	0.000001	0.000000	0.000004	0.513586
33	0.999966	0.000021	0.000005	0.000001	0.000000	0.000001	0.000000	0.000001	0.000000	0.000004	0.513586
34	0.999963	0.000024	0.000006	0.000001	0.000000	0.000001	0.000000	0.000001	0.000000	0.000004	0.513586
35	0.999959	0.000028	0.000005	0.000001	0.000001	0.000001	0.000000	0.000001	0.000000	0.000005	0.513586
36	0.999955	0.000029	0.000007	0.000001	0.000001	0.000001	0.000000	0.000001	0.000000	0.000005	0.513586
37	0.999950	0.000032	0.000008	0.000001	0.000001	0.000001	0.000000	0.000001	0.000000	0.000006	0.513586
38	0.999946	0.000035	0.000008	0.000002	0.000001	0.000001	0.000000	0.000001	0.000000	0.000006	0.513586
39	0.999939	0.000039	0.000009	0.000002	0.000001	0.000001	0.000000	0.000001	0.000000	0.000007	0.513586
40	0.999931	0.000044	0.000011	0.000002	0.000002	0.000001	0.000000	0.000001	0.000000	0.000007	0.513586
41	0.999922	0.000050	0.000012	0.000002	0.000002	0.000001	0.000001	0.000001	0.000000	0.000008	0.513586
42	0.999914	0.000055	0.000014	0.000002	0.000002	0.000001	0.000000	0.000002	0.000000	0.000009	0.513586
43	0.999904	0.000063	0.000015	0.000002	0.000003	0.000001	0.000001	0.000002	0.000000	0.000010	0.513586
44	0.999894	0.000070	0.000016	0.000003	0.000002	0.000001	0.000000	0.000002	0.000000	0.000011	0.513586
45	0.999884	0.000076	0.000018	0.000002	0.000003	0.000002	0.000000	0.000002	0.000000	0.000013	0.513586
46	0.999871	0.000084	0.000021	0.000003	0.000003	0.000002	0.000001	0.000002	0.000000	0.000014	0.513586
47	0.999857	0.000094	0.000022	0.000004	0.000003	0.000002	0.000001	0.000002	0.000000	0.000015	0.513586
48	0.999841	0.000106	0.000024	0.000004	0.000003	0.000002	0.000001	0.000003	0.000000	0.000017	0.513586
49	0.999825	0.000115	0.000027	0.000004	0.000004	0.000003	0.000001	0.000003	0.000000	0.000018	0.513586
50	0.999805	0.000129	0.000028	0.000005	0.000004	0.000004	0.000001	0.000004	0.000000	0.000020	0.513586
51	0.999786	0.000142	0.000031	0.000005	0.000004	0.000004	0.000001	0.000004	0.000000	0.000022	0.513586
52	0.999766	0.000153	0.000035	0.000006	0.000005	0.000004	0.000001	0.000005	0.000000	0.000024	0.513586
53	0.999741	0.000171	0.000037	0.000007	0.000007	0.000004	0.000001	0.000005	0.000000	0.000027	0.513586
54	0.999716	0.000184	0.000043	0.000008	0.000008	0.000005	0.000001	0.000006	0.000000	0.000030	0.513586
55	0.999688	0.000201	0.000049	0.000009	0.000008	0.000005	0.000001	0.000006	0.000000	0.000033	0.513586
56	0.999655	0.000222	0.000055	0.000009	0.000010	0.000005	0.000001	0.000007	0.000000	0.000036	0.513586
57	0.999620	0.000244	0.000061	0.000010	0.000010	0.000006	0.000001	0.000007	0.000000	0.000041	0.513586
58	0.999579	0.000270	0.000067	0.000011	0.000011	0.000006	0.000002	0.000007	0.000000	0.000045	0.513586
59	0.999528	0.000304	0.000076	0.000012	0.000012	0.000007	0.000002	0.000008	0.000000	0.000051	0.513586
60	0.999477	0.000338	0.000085	0.000013	0.000013	0.000007	0.000002	0.000009	0.000000	0.000057	0.513586
61	0.999420	0.000376	0.000092	0.000016	0.000014	0.000008	0.000002	0.000010	0.000000	0.000062	0.513586
62	0.999359	0.000415	0.000103	0.000016	0.000016	0.000009	0.000003	0.000011	0.000000	0.000068	0.513586
63	0.999295	0.000456	0.000112	0.000018	0.000018	0.000010	0.000003	0.000012	0.000000	0.000075	0.513586
64	0.999222	0.000504	0.000124	0.000021	0.000019	0.000010	0.000003	0.000014	0.000000	0.000083	0.513586
65	0.999135	0.000560	0.000138	0.000024	0.000022	0.000012	0.000003	0.000015	0.000000	0.000091	0.513586
66	0.999045	0.000619	0.000151	0.000028	0.000024	0.000013	0.000004	0.000017	0.000000	0.000100	0.513586
67	0.998941	0.000686	0.000169	0.000030	0.000026	0.000014	0.000004	0.000019	0.000000	0.000112	0.513586
68	0.998830	0.000760	0.000186	0.000032	0.000028	0.000017	0.000004	0.000021	0.000000	0.000123	0.513586
69	0.998705	0.000841	0.000205	0.000034	0.000033	0.000019	0.000005	0.000023	0.000000	0.000135	0.513586
70	0.998566	0.000933	0.000225	0.000038	0.000037	0.000021	0.000005	0.000025	0.000000	0.000149	0.513586
71	0.998405	0.001041	0.000251	0.000040	0.000041	0.000023	0.000006	0.000027	0.000000	0.000166	0.513586
72	0.998238	0.001148	0.000278	0.000044	0.000045	0.000026	0.000006	0.000031	0.000000	0.000184	0.513586
73	0.998045	0.001276	0.000311	0.000048	0.000050	0.000028	0.000006	0.000033	0.000000	0.000202	0.513586
74	0.997838	0.001409	0.000343	0.000055	0.000056	0.000031	0.000008	0.000036	0.000001	0.000223	0.513586
75	0.997609	0.001562	0.000371	0.000066	0.000062	0.000034	0.000009	0.000039	0.000001	0.000248	0.513586
76	0.997363	0.001721	0.000408	0.000073	0.000068	0.000039	0.000010	0.000043	0.000001	0.000274	0.513586
77	0.997071	0.001917	0.000452	0.000081	0.000076	0.000042	0.000011	0.000047	0.000001	0.000302	0.513586
78	0.996756	0.002119	0.000510	0.000084	0.000082	0.000048	0.000010	0.000054	0.000001	0.000336	0.513586
79	0.996414	0.002338	0.000568	0.000094	0.000089	0.000054	0.000012	0.000058	0.000001	0.000372	0.513586
80	0.996027	0.002588	0.000631	0.000106	0.000101	0.000060	0.000012	0.000065	0.000001	0.000409	0.513586
81	0.995598	0.002866	0.000702	0.000121	0.000110	0.000065	0.000014	0.000071	0.000001	0.000452	0.513586
82	0.995129	0.003175	0.000776	0.000131	0.000121	0.000071	0.000018	0.000077	0.000001	0.000500	0.513587
83	0.994600	0.003524	0.000862	0.000140	0.000134	0.000078	0.000022	0.000086	0.000001	0.000553	0.513587
84	0.994022	0.003894	0.000963	0.000156	0.000151	0.000085	0.000022	0.000096	0.000001	0.000610	0.513587
85	0.993368	0.004324	0.001064	0.000174	0.000168	0.000093	0.000024	0.000107	0.000001	0.000676	0.513587
86	0.992656	0.004784	0.001180	0.000194	0.000189	0.000102	0.000026	0.000120	0.000001	0.000748	0.513587
87	0.991881	0.005283	0.001307	0.000210	0.000209	0.000113	0.000028	0.000132	0.000001	0.000835	0.513587
88	0.991003	0.005858	0.001444	0.000236	0.000232	0.000125	0.000033	0.000144	0.000002	0.000923	0.513587
89	0.990039	0.006493	0.001595	0.000261	0.000260	0.000138	0.000032	0.000163	0.000002	0.001017	0.513587
90	0.988952	0.007198	0.001777	0.000286	0.000291	0.000152	0.000038	0.000178	0.000002	0.001126	0.513587
91	0.987767	0.007971	0.001959	0.000319	0.000322	0.000168	0.000045	0.000196	0.000002	0.001251	0.513587
92	0.986471	0.008813	0.002172	0.000350	0.000358	0.000187	0.000047	0.000218	0.000002	0.001381	0.513587
93	0.985024	0.009749	0.002403	0.000393	0.000398	0.000209	0.000052	0.000242	0.000002	0.001528	0.513587
94	0.983415	0.010778	0.002673	0.000439	0.000440	0.000233	0.000058	0.000268	0.000003	0.001694	0.513587
95	0.981629	0.011935	0.002963	0.000481	0.000489	0.000260	0.000066	0.000294	0.000003	0.001879	0.513587
96	0.979650	0.013236	0.003263	0.000533	0.000546	0.000291	0.000072	0.000329	0.000003	0.002077	0.513587
97	0.977473	0.014645	0.003623	0.000594	0.000601	0.000321	0.000078	0.000364	0.000003	0.002300	0.513587
98	0.975080	0.016200	0.003998	0.000665	0.000658	0.000357	0.000087	0.000400	0.000004	0.002551	0.513587
99	0.972426	0.017934	0.004407	0.000737	0.000727	0.000398	0.000097	0.000443	0.000004	0.002828	0.513587
100	0.969525	0.019798	0.004884	0.000820	0.000797	0.000442	0.000106	0.000491	0.000004	0.003132	0.513587
101	0.966344	0.021837	0.005414	0.000893	0.000883	0.000497	0.000123	0.000541	0.000005	0.003464	0.513587
102	0.962802	0.024129	0.005982	0.000987	0.000971	0.000553	0.000133	0.000602	0.000006	0.003837	0.513587
103	0.958930	0.026629	0.006581	0.001107	0.001080	0.000614	0.000149	0.000665	0.000006	0.004239	0.513587
104	0.954649	0.029384	0.007269	0.001217	0.001191	0.000678	0.000169	0.000736	0.000007	0.004700	0.513587
105	0.949958	0.032375	0.008041	0.001334	0.001313	0.000747	0.000189	0.000819	0.000008	0.005216	0.513587
106	0.944845	0.035612	0.008882	0.001490	0.001453	0.000824	0.000205	0.000914	0.000009	0.005766	0.513587
107	0.939212	0.039179	0.009809	0.001655	0.001599	0.000908	0.000231	0.001013	0.000010	0.006384	0.513587
108	0.933044	0.043106	0.010795	0.001814	0.001781	0.001005	0.000249	0.001122	0.000011	0.007074	0.513587
109	0.926311	0.047396	0.011890	0.001994	0.001960	0.001111	0.000269	0.001223	0.000012	0.007834	0.513610
110	0.919165	0.051944	0.013093	0.002208	0.002172	0.001232	0.000294	0.001217	0.000013	0.008661	0.513747
111	0.911344	0.056883	0.014435	0.002428	0.002399	0.001362	0.000335	0.001218	0.000015	0.009581	0.513890
112	0.902821	0.062312	0.015843	0.002673	0.002637	0.001507	0.000377	0.001215	0.000017	0.010599	0.514053
113	0.893628	0.068102	0.017419	0.002919	0.002906	0.001657	0.000406	0.001209	0.000018	0.011736	0.514244
114	0.883675	0.074313	0.019148	0.003223	0.003199	0.001825	0.000432	0.001209	0.000020	0.012956	0.514443
115	0.872885	0.080982	0.021030	0.003553	0.003523	0.002005	0.000483	0.001203	0.000022	0.014312	0.514656
116	0.861255	0.088146	0.023036	0.003898	0.003892	0.002205	0.000531	0.001201	0.000025	0.015812	0.514894
117	0.848799	0.095686	0.025279	0.004294	0.004261	0.002426	0.000590	0.001201	0.000027	0.017437	0.515148
118	0.835413	0.103760	0.027656	0.004698	0.004672	0.002673	0.000651	0.001200	0.000029	0.019246	0.515440
119	0.820969	0.112496	0.030121	0.005159	0.005154	0.002946	0.000705	0.001201	0.000031	0.021218	0.515767
120	0.805628	0.121542	0.032899	0.005640	0.005672	0.003226	0.000769	0.001203	0.000033	0.023390	0.516126
121	0.789261	0.131164	0.035789	0.006181	0.006209	0.003546	0.000840	0.001197	0.000036	0.025776	0.516525
122	0.771824	0.141308	0.038889	0.006763	0.006802	0.003908	0.000928	0.001203	0.000038	0.028337	0.516948
123	0.753466	0.151765	0.042231	0.007396	0.007457	0.004272	0.001003	0.001198	0.000040	0.031171	0.517434
124	0.734001	0.162736	0.045795	0.008040	0.008124	0.004681	0.001109	0.001197	0.000042	0.034275	0.517957
125	0.713645	0.173975	0.049525	0.008756	0.008868	0.005130	0.001203	0.001193	0.000045	0.037660	0.518541
126	0.692288	0.185513	0.053544	0.009484	0.009662	0.005598	0.001308	0.001198	0.000047	0.041358	0.519160
127	0.669939	0.197380	0.057725	0.010332	0.010506	0.006090	0.001423	0.001192	0.000050	0.045363	0.519850
128	0.646692	0.209439	0.062132	0.011208	0.011393	0.006645	0.001524	0.001191	0.000052	0.049723	0.520602
129	0.622463	0.221844	0.066609	0.012144	0.012358	0.007239	0.001651	0.001196	0.000055	0.054440	0.521415
130	0.597645	0.234030	0.071391	0.013102	0.013375	0.007869	0.001788	0.001193	0.000058	0.059550	0.522298
131	0.572056	0.246222	0.076367	0.014107	0.014434	0.008516	0.001944	0.001193	0.000059	0.065102	0.523235
132	0.546067	0.258123	0.081361	0.015199	0.015603	0.009213	0.002086	0.001190	0.000062	0.071096	0.524279
133	0.519725	0.269665	0.086597	0.016251	0.016798	0.009943	0.002192	0.001189	0.000065	0.077576	0.525406
134	0.492873	0.280929	0.091862	0.017430	0.018020	0.010746	0.002371	0.001195	0.000067	0.084508	0.526588
135	0.465786	0.291714	0.097300	0.018564	0.019312	0.011591	0.002533	0.001190	0.000069	0.091941	0.527872
136	0.438708	0.301675	0.102845	0.019781	0.020679	0.012466	0.002703	0.001188	0.000072	0.099883	0.529251
137	0.411722	0.311015	0.108286	0.020985	0.022069	0.013401	0.002859	0.001190	0.000073	0.108400	0.530724
138	0.384812	0.319483	0.113792	0.022274	0.023517	0.014367	0.003050	0.001191	0.000076	0.117438	0.532288
139	0.358374	0.326943	0.119171	0.023519	0.025011	0.015367	0.003226	0.001187	0.000079	0.127123	0.533953
140	0.332548	0.333121	0.124536	0.024908	0.026467	0.016399	0.003410	0.001190	0.000082	0.137338	0.535705
141	0.307429	0.338030	0.129677	0.026322	0.027996	0.017497	0.003612	0.001190	0.000083	0.148163	0.537587
142	0.282980	0.341926	0.134574	0.027625	0.029547	0.018606	0.003822	0.001187	0.000085	0.159648	0.539559
143	0.259498	0.344473	0.139278	0.028959	0.031064	0.019734	0.004006	0.001189	0.000087	0.171711	0.541661
144	0.237099	0.345519	0.143749	0.030282	0.032572	0.020872	0.004184	0.001187	0.000090	0.184445	0.543865
145	0.215851	0.345163	0.147910	0.031489	0.034084	0.022032	0.004358	0.001182	0.000092	0.197838	0.546181
146	0.195676	0.343454	0.151814	0.032611	0.035607	0.023169	0.004544	0.001187	0.000093	0.211846	0.548573
147	0.176929	0.340193	0.155215	0.033809	0.037095	0.024387	0.004704	0.001188	0.000092	0.226387	0.551084
148	0.159486	0.335656	0.158088	0.034962	0.038538	0.025585	0.004884	0.001185	0.000095	0.241522	0.553683
149	0.143286	0.329871	0.160554	0.036036	0.039865	0.026760	0.005065	0.001190	0.000097	0.257275	0.556371
150	0.128475	0.322936	0.162441	0.036935	0.041251	0.027914	0.005213	0.001187	0.000099	0.273548	0.559182
151	0.115087	0.314718	0.163862	0.037781	0.042477	0.029083	0.005344	0.001192	0.000101	0.290356	0.562083
152	0.102897	0.305579	0.164765	0.038516	0.043640	0.030155	0.005474	0.001195	0.000102	0.307679	0.565042
153	0.092059	0.295379	0.165211	0.039168	0.044665	0.031222	0.005567	0.001194	0.000103	0.325433	0.568100
154	0.082400	0.284379	0.165139	0.039706	0.045567	0.032282	0.005635	0.001193	0.000103	0.343596	0.571205
155	0.073745	0.272924	0.164457	0.040131	0.046375	0.033224	0.005763	0.001199	0.000104	0.362078	0.574354
156	0.066223	0.260924	0.163287	0.040316	0.047035	0.034140	0.005834	0.001198	0.000105	0.380939	0.577571
157	0.059674	0.248547	0.161561	0.040484	0.047601	0.034997	0.005879	0.001195	0.000106	0.399956	0.580839
158	0.053906	0.236064	0.159255	0.040542	0.048023	0.035805	0.005896	0.001195	0.000107	0.419207	0.584135
159	0.048991	0.223346	0.156572	0.040433	0.048220	0.036545	0.006007	0.001192	0.000110	0.438584	0.587426
160	0.044864	0.210663	0.153433	0.040142	0.048350	0.037175	0.005990	0.001194	0.000111	0.458079	0.590793
161	0.041319	0.198119	0.149840	0.039798	0.048278	0.037735	0.005985	0.001192	0.000112	0.477623	0.594129
162	0.038374	0.185843	0.145765	0.039308	0.048081	0.038173	0.005990	0.001192	0.000113	0.497162	0.597476
163	0.035902	0.173894	0.141403	0.038776	0.047663	0.038495	0.005963	0.001191	0.000114	0.516600	0.600821
164	0.033871	0.162276	0.136745	0.038142	0.047154	0.038762	0.005874	0.001193	0.000114	0.535870	0.604149
165	0.032221	0.151113	0.131802	0.037289	0.046521	0.038915	0.005796	0.001190	0.000115	0.555038	0.607453
166	0.030813	0.140529	0.126635	0.036529	0.045718	0.038978	0.005709	0.001192	0.000116	0.573781	0.610701
167	0.029680	0.130467	0.121299	0.035491	0.044807	0.038927	0.005675	0.001190	0.000117	0.592346	0.613886
168	0.028811	0.120952	0.115873	0.034320	0.043816	0.038796	0.005570	0.001192	0.000116	0.610554	0.617060
169	0.028114	0.112150	0.110201	0.033136	0.042685	0.038516	0.005483	0.001191	0.000117	0.628407	0.620185
170	0.027587	0.103831	0.104607	0.031911	0.041471	0.038087	0.005388	0.001195	0.000118	0.645806	0.623249
171	0.027247	0.096129	0.099004	0.030626	0.040155	0.037617	0.005243	0.001192	0.000119	0.662667	0.626272
172	0.026998	0.088970	0.093400	0.029336	0.038816	0.037045	0.005131	0.001192	0.000118	0.678994	0.629192
173	0.026830	0.082440	0.087868	0.028037	0.037305	0.036350	0.004964	0.001189	0.000118	0.694899	0.632066
174	0.026735	0.076408	0.082502	0.026729	0.035754	0.035610	0.004780	0.001193	0.000118	0.710171	0.634842
175	0.026748	0.070850	0.077269	0.025360	0.034226	0.034805	0.004621	0.001192	0.000119	0.724811	0.637548
176	0.026748	0.065798	0.072234	0.023957	0.032621	0.033910	0.004484	0.001191	0.000119	0.738938	0.640126
177	0.026825	0.061210	0.067362	0.022568	0.031041	0.032944	0.004310	0.001188	0.000120	0.752432	0.642616
178	0.026954	0.056980	0.062721	0.021287	0.029433	0.031945	0.004106	0.001187	0.000120	0.765266	0.645040
179	0.027061	0.053153	0.058265	0.020000	0.027864	0.030863	0.003949	0.001191	0.000120	0.777534	0.647339
180	0.027186	0.049676	0.054047	0.018762	0.026336	0.029755	0.003811	0.001192	0.000120	0.789116	0.649542
181	0.027396	0.046399	0.050147	0.017585	0.024811	0.028642	0.003616	0.001195	0.000120	0.800088	0.651667
182	0.027603	0.043470	0.046499	0.016415	0.023275	0.027496	0.003425	0.001194	0.000120	0.810504	0.653706
183	0.027809	0.040794	0.043021	0.015326	0.021839	0.026334	0.003288	0.001189	0.000121	0.820279	0.655630
184	0.028009	0.038320	0.039816	0.014261	0.020439	0.025153	0.003145	0.001192	0.000120	0.829546	0.657464
185	0.028248	0.035985	0.036909	0.013244	0.019094	0.023974	0.002991	0.001191	0.000120	0.838243	0.659223
186	0.028510	0.033838	0.034223	0.012249	0.017807	0.022798	0.002860	0.001192	0.000120	0.846403	0.660890
187	0.028747	0.031835	0.031708	0.011424	0.016626	0.021672	0.002699	0.001190	0.000121	0.853978	0.662465
188	0.028990	0.029966	0.029431	0.010603	0.015471	0.020523	0.002567	0.001192	0.000121	0.861136	0.663963
189	0.029233	0.028245	0.027380	0.009797	0.014349	0.019427	0.002410	0.001191	0.000120	0.867847	0.665395
190	0.029455	0.026629	0.025505	0.009050	0.013377	0.018349	0.002268	0.001189	0.000122	0.874056	0.666731
191	0.029651	0.025104	0.023798	0.008381	0.012397	0.017305	0.002163	0.001193	0.000122	0.879885	0.667979
192	0.029885	0.023650	0.022200	0.007749	0.011513	0.016278	0.002058	0.001187	0.000122	0.885358	0.669177
193	0.030105	0.022281	0.020741	0.007229	0.010671	0.015292	0.001940	0.001195	0.000122	0.890423	0.670301
194	0.030331	0.020966	0.019443	0.006732	0.009911	0.014354	0.001804	0.001190	0.000122	0.895147	0.671371
195	0.030510	0.019741	0.018258	0.006292	0.009188	0.013469	0.001703	0.001194	0.000123	0.899522	0.672359
196	0.030694	0.018582	0.017136	0.005871	0.008543	0.012637	0.001596	0.001193	0.000123	0.903624	0.673297
197	0.030866	0.017492	0.016094	0.005496	0.007955	0.011841	0.001492	0.001195	0.000123	0.907446	0.674170
198	0.031031	0.016468	0.015158	0.005137	0.007403	0.011058	0.001407	0.001196	0.000121	0.911021	0.674993
199	0.031190	0.015477	0.014275	0.004779	0.006909	0.010342	0.001317	0.001192	0.000121	0.914399	0.675765
200	0.031309	0.014575	0.013416	0.004490	0.006455	0.009649	0.001242	0.001195	0.000122	0.917549	0.676479
201	0.031433	0.013697	0.012651	0.004189	0.006025	0.009026	0.001164	0.001188	0.000122	0.920505	0.677150
202	0.031543	0.012865	0.011888	0.003963	0.005655	0.008426	0.001105	0.001192	0.000122	0.923241	0.677763
203	0.031634	0.012083	0.011214	0.003720	0.005309	0.007873	0.001047	0.001193	0.000120	0.925806	0.678338
204	0.031752	0.011316	0.010594	0.003492	0.004974	0.007370	0.000960	0.001189	0.000120	0.928233	0.678900
205	0.031849	0.010577	0.010018	0.003286	0.004662	0.006869	0.000897	0.001192	0.000121	0.930529	0.679409
206	0.031931	0.009921	0.009442	0.003088	0.004375	0.006416	0.000836	0.001193	0.000121	0.932679	0.679888
207	0.031998	0.009307	0.008883	0.002909	0.004119	0.005998	0.000776	0.001189	0.000121	0.934700	0.680329
208	0.032038	0.008742	0.008350	0.002734	0.003890	0.005601	0.000733	0.001192	0.000122	0.936598	0.680723
209	0.032090	0.008209	0.007836	0.002600	0.003676	0.005234	0.000691	0.001192	0.000123	0.938348	0.681102
210	0.032147	0.007694	0.007368	0.002427	0.003447	0.004895	0.000644	0.001188	0.000122	0.940068	0.681456
211	0.032193	0.007209	0.006924	0.002282	0.003240	0.004596	0.000599	0.001196	0.000123	0.941639	0.681771
212	0.032223	0.006768	0.006505	0.002142	0.003056	0.004291	0.000562	0.001191	0.000123	0.943140	0.682072
213	0.032253	0.006343	0.006121	0.002001	0.002881	0.004028	0.000521	0.001190	0.000123	0.944538	0.682353
214	0.032275	0.005943	0.005745	0.001894	0.002708	0.003784	0.000487	0.001189	0.000125	0.945851	0.682606
215	0.032290	0.005569	0.005390	0.001794	0.002543	0.003557	0.000451	0.001190	0.000125	0.947092	0.682840
216	0.032306	0.005230	0.005038	0.001702	0.002393	0.003337	0.000428	0.001191	0.000124	0.948252	0.683056
217	0.032324	0.004903	0.004732	0.001597	0.002245	0.003130	0.000400	0.001191	0.000125	0.949354	0.683259
218	0.032333	0.004600	0.004417	0.001505	0.002113	0.002937	0.000377	0.001194	0.000123	0.950401	0.683443
219	0.032342	0.004308	0.004144	0.001409	0.001974	0.002763	0.000355	0.001191	0.000123	0.951391	0.683616
220	0.032342	0.004045	0.003877	0.001326	0.001857	0.002596	0.000323	0.001193	0.000123	0.952318	0.683776
221	0.032345	0.003787	0.003652	0.001240	0.001737	0.002433	0.000297	0.001190	0.000123	0.953196	0.683922
222	0.032338	0.003554	0.003419	0.001157	0.001633	0.002286	0.000281	0.001190	0.000123	0.954019	0.684047
223	0.032330	0.003327	0.003199	0.001081	0.001530	0.002150	0.000264	0.001189	0.000124	0.954806	0.684168
224	0.032314	0.003133	0.002975	0.001023	0.001438	0.002018	0.000249	0.001191	0.000124	0.955534	0.684271
225	0.032304	0.002922	0.002806	0.000958	0.001344	0.001895	0.000241	0.001192	0.000123	0.956214	0.684368
226	0.032306	0.002734	0.002612	0.000899	0.001273	0.001782	0.000223	0.001189	0.000123	0.956860	0.684465
227	0.032296	0.002556	0.002433	0.000838	0.001199	0.001673	0.000212	0.001190	0.000122	0.957482	0.684548
228	0.032275	0.002396	0.002291	0.000781	0.001114	0.001574	0.000194	0.001191	0.000122	0.958062	0.684624
229	0.032261	0.002248	0.002141	0.000729	0.001051	0.001476	0.000184	0.001193	0.000122	0.958594	0.684690
230	0.032249	0.002097	0.002014	0.000687	0.000988	0.001375	0.000176	0.001190	0.000122	0.959101	0.684757
231	0.032226	0.001961	0.001894	0.000644	0.000924	0.001295	0.000166	0.001190	0.000122	0.959579	0.684809
232	0.032203	0.001842	0.001766	0.000609	0.000859	0.001217	0.000155	0.001193	0.000122	0.960032	0.684857
233	0.032186	0.001724	0.001654	0.000567	0.000802	0.001143	0.000140	0.001194	0.000121	0.960468	0.684903
234	0.032162	0.001613	0.001556	0.000525	0.000751	0.001074	0.000131	0.001190	0.000120	0.960879	0.684941
235	0.032138	0.001518	0.001452	0.000495	0.000707	0.000996	0.000132	0.001188	0.000120	0.961254	0.684973
236	0.032113	0.001421	0.001362	0.000460	0.000666	0.000936	0.000119	0.001192	0.000118	0.961612	0.685001
237	0.032086	0.001339	0.001273	0.000436	0.000620	0.000882	0.000110	0.001191	0.000116	0.961946	0.685025
238	0.032065	0.001261	0.001181	0.000409	0.000579	0.000832	0.000095	0.001191	0.000116	0.962273	0.685048
239	0.032032	0.001183	0.001104	0.000384	0.000548	0.000779	0.000092	0.001193	0.000113	0.962573	0.685060
240	0.032002	0.001107	0.001031	0.000357	0.000514	0.000730	0.000091	0.001191	0.000112	0.962865	0.685068
241	0.031975	0.001043	0.000962	0.000339	0.000478	0.000684	0.000081	0.001194	0.000112	0.963133	0.685078
242	0.031949	0.000971	0.000900	0.000316	0.000448	0.000640	0.000077	0.001188	0.000110	0.963400	0.685084
243	0.031919	0.000908	0.000849	0.000291	0.000416	0.000600	0.000071	0.001188	0.000111	0.963647	0.685086
244	0.031892	0.000852	0.000796	0.000264	0.000396	0.000559	0.000068	0.001184	0.000111	0.963878	0.685088
245	0.031863	0.000801	0.000748	0.000247	0.000372	0.000520	0.000064	0.001176	0.000111	0.964097	0.685090
246	0.031843	0.000748	0.000698	0.000234	0.000347	0.000483	0.000060	0.001168	0.000110	0.964309	0.685092
247	0.031819	0.000705	0.000653	0.000215	0.000328	0.000452	0.000054	0.001155	0.000111	0.964508	0.685094
248	0.031797	0.000665	0.000605	0.000206	0.000301	0.000423	0.000056	0.001139	0.000110	0.964697	0.685096
249	0.031779	0.000624	0.000566	0.000193	0.000286	0.000397	0.000050	0.001122	0.000108	0.964875	0.685099
250	0.031763	0.000587	0.000531	0.000179	0.000266	0.000371	0.000046	0.001100	0.000108	0.965049	0.685102
251	0.031747	0.000550	0.000499	0.000168	0.000249	0.000348	0.000040	0.001084	0.000107	0.965208	0.685104
252	0.031730	0.000520	0.000469	0.000158	0.000231	0.000325	0.000036	0.001062	0.000107	0.965361	0.685107
253	0.031717	0.000490	0.000430	0.000148	0.000220	0.000303	0.000038	0.001041	0.000106	0.965506	0.685109
254	0.031701	0.000465	0.000401	0.000137	0.000205	0.000284	0.000037	0.001017	0.000105	0.965649	0.685111
255	0.031688	0.000443	0.000372	0.000124	0.000196	0.000265	0.000035	0.000993	0.000105	0.965780	0.685113
256	0.031678	0.000415	0.000347	0.000120	0.000183	0.000247	0.000031	0.000970	0.000103	0.965905	0.685115
257	0.031668	0.000391	0.000328	0.000113	0.000169	0.000233	0.000028	0.000946	0.000101	0.966024	0.685117
258	0.031657	0.000372	0.000305	0.000104	0.000156	0.000216	0.000028	0.000917	0.000099	0.966145	0.685119
259	0.031648	0.000350	0.000289	0.000097	0.000144	0.000203	0.000025	0.000893	0.000099	0.966252	0.685121
260	0.031639	0.000331	0.000275	0.000089	0.000132	0.000190	0.000024	0.000869	0.000097	0.966355	0.685124
261	0.031632	0.000311	0.000258	0.000083	0.000120	0.000177	0.000022	0.000840	0.000096	0.966460	0.685125
262	0.031624	0.000296	0.000238	0.000076	0.000114	0.000169	0.000020	0.000810	0.000095	0.966558	0.685127
263	0.031617	0.000282	0.000221	0.000070	0.000108	0.000156	0.000019	0.000781	0.000094	0.966652	0.685129
264	0.031612	0.000268	0.000204	0.000067	0.000102	0.000146	0.000020	0.000750	0.000092	0.966738	0.685131
265	0.031607	0.000256	0.000189	0.000064	0.000095	0.000138	0.000017	0.000726	0.000090	0.966819	0.685133
266	0.031603	0.000245	0.000176	0.000059	0.000087	0.000129	0.000017	0.000700	0.000087	0.966897	0.685135
267	0.031597	0.000233	0.000167	0.000055	0.000082	0.000119	0.000015	0.000675	0.000086	0.966971	0.685137
268	0.031592	0.000222	0.000159	0.000050	0.000075	0.000112	0.000014	0.000646	0.000085	0.967044	0.685139
269	0.031588	0.000212	0.000145	0.000047	0.000072	0.000106	0.000014	0.000617	0.000084	0.967114	0.685140
270	0.031583	0.000205	0.000137	0.000044	0.000066	0.000097	0.000012	0.000589	0.000083	0.967185	0.685142
271	0.031580	0.000196	0.000129	0.000041	0.000061	0.000091	0.000011	0.000564	0.000082	0.967246	0.685144
272	0.031577	0.000188	0.000121	0.000040	0.000057	0.000085	0.000009	0.000536	0.000079	0.967309	0.685147
273	0.031574	0.000181	0.000114	0.000039	0.000054	0.000079	0.000010	0.000508	0.000078	0.967364	0.685149
274	0.031572	0.000174	0.000107	0.000037	0.000050	0.000073	0.000010	0.000479	0.000076	0.967424	0.685151
275	0.031569	0.000167	0.000100	0.000033	0.000047	0.000068	0.000009	0.000454	0.000076	0.967476	0.685152
276	0.031566	0.000162	0.000094	0.000031	0.000044	0.000064	0.000008	0.000429	0.000075	0.967527	0.685154
277	0.031564	0.000158	0.000087	0.000029	0.000041	0.000059	0.000007	0.000405	0.000072	0.967578	0.685156
278	0.031561	0.000152	0.000081	0.000027	0.000039	0.000055	0.000008	0.000385	0.000071	0.967622	0.685157
279	0.031560	0.000145	0.000074	0.000027	0.000038	0.000053	0.000006	0.000364	0.000069	0.967663	0.685159
280	0.031559	0.000140	0.000069	0.000025	0.000036	0.000050	0.000005	0.000343	0.000067	0.967706	0.685160
281	0.031557	0.000136	0.000066	0.000024	0.000033	0.000046	0.000005	0.000324	0.000066	0.967743	0.685162
282	0.031555	0.000133	0.000064	0.000022	0.000029	0.000043	0.000005	0.000305	0.000065	0.967780	0.685163
283	0.031554	0.000130	0.000059	0.000019	0.000028	0.000041	0.000005	0.000285	0.000062	0.967817	0.685165
284	0.031553	0.000128	0.000055	0.000017	0.000026	0.000037	0.000005	0.000268	0.000060	0.967851	0.685167
285	0.031552	0.000125	0.000051	0.000016	0.000024	0.000034	0.000004	0.000250	0.000058	0.967884	0.685169
286	0.031551	0.000122	0.000049	0.000014	0.000024	0.000032	0.000002	0.000236	0.000056	0.967912	0.685171
287	0.031551	0.000118	0.000046	0.000014	0.000022	0.000031	0.000003	0.000220	0.000055	0.967939	0.685172
288	0.031551	0.000116	0.000043	0.000013	0.000021	0.000029	0.000003	0.000205	0.000054	0.967968	0.685174
289	0.031550	0.000112	0.000041	0.000012	0.000019	0.000028	0.000003	0.000190	0.000051	0.967993	0.685175
290	0.031549	0.000109	0.000040	0.000012	0.000017	0.000027	0.000002	0.000178	0.000050	0.968016	0.685177
291	0.031549	0.000107	0.000037	0.000013	0.000016	0.000024	0.000004	0.000168	0.000048	0.968035	0.685178
292	0.031548	0.000104	0.000036	0.000012	0.000015	0.000023	0.000004	0.000156	0.000047	0.968056	0.685179
293	0.031548	0.000101	0.000033	0.000012	0.000014	0.000021	0.000003	0.000148	0.000046	0.968074	0.685180
294	0.031548	0.000099	0.000032	0.000011	0.000014	0.000020	0.000001	0.000139	0.000044	0.968092	0.685181
295	0.031548	0.000096	0.000032	0.000010	0.000013	0.000019	0.000001	0.000129	0.000042	0.968109	0.685182
296	0.031547	0.000095	0.000029	0.000009	0.000013	0.000018	0.000002	0.000118	0.000041	0.968127	0.685183
297	0.031547	0.000093	0.000028	0.000009	0.000012	0.000016	0.000001	0.000111	0.000040	0.968142	0.685184
298	0.031547	0.000092	0.000026	0.000008	0.000010	0.000015	0.000002	0.000105	0.000039	0.968156	0.685185
299	0.031546	0.000091	0.000025	0.000008	0.000010	0.000015	0.000002	0.000097	0.000037	0.968171	0.685186
300	0.031546	0.000089	0.000024	0.000007	0.000010	0.000014	0.000002	0.000091	0.000036	0.968182	0.685187
301	0.031546	0.000087	0.000022	0.000007	0.000010	0.000013	0.000002	0.000085	0.000034	0.968194	0.685188
302	0.031546	0.000086	0.000020	0.000007	0.000010	0.000012	0.000002	0.000078	0.000033	0.968205	0.685189
303	0.031546	0.000085	0.000017	0.000007	0.000010	0.000011	0.000002	0.000074	0.000032	0.968216	0.685190
304	0.031546	0.000083	0.000018	0.000006	0.000009	0.000011	0.000002	0.000069	0.000031	0.968226	0.685190
305	0.031546	0.000082	0.000016	0.000005	0.000008	0.000010	0.000002	0.000064	0.000030	0.968236	0.685191
306	0.031546	0.000081	0.000016	0.000005	0.000008	0.000009	0.000002	0.000061	0.000029	0.968245	0.685191
307	0.031547	0.000080	0.000013	0.000005	0.000007	0.000008	0.000002	0.000058	0.000027	0.968252	0.685193
308	0.031546	0.000080	0.000013	0.000004	0.000007	0.000008	0.000002	0.000055	0.000026	0.968259	0.685193
309	0.031546	0.000079	0.000012	0.000004	0.000006	0.000007	0.000001	0.000052	0.000025	0.968267	0.685194
310	0.031546	0.000078	0.000012	0.000004	0.000006	0.000007	0.000001	0.000050	0.000024	0.968273	0.685194
311	0.031546	0.000078	0.000011	0.000004	0.000005	0.000007	0.000001	0.000047	0.000023	0.968278	0.685195
312	0.031546	0.000076	0.000011	0.000004	0.000005	0.000006	0.000001	0.000045	0.000022	0.968283	0.685195
313	0.031546	0.000076	0.000011	0.000003	0.000005	0.000005	0.000001	0.000042	0.000021	0.968290	0.685196
314	0.031546	0.000075	0.000010	0.000004	0.000005	0.000005	0.000001	0.000039	0.000020	0.968295	0.685196
315	0.031546	0.000075	0.000008	0.000003	0.000004	0.000005	0.000000	0.000037	0.000019	0.968301	0.685197
316	0.031547	0.000075	0.000008	0.000003	0.000004	0.000005	0.000000	0.000035	0.000018	0.968306	0.685198
317	0.031547	0.000074	0.000008	0.000002	0.000003	0.000005	0.000000	0.000032	0.000017	0.968311	0.685199
318	0.031547	0.000073	0.000008	0.000002	0.000003	0.000005	0.000001	0.000030	0.000016	0.968315	0.685199
319	0.031547	0.000073	0.000007	0.000002	0.000003	0.000004	0.000001	0.000027	0.000016	0.968320	0.685199
320	0.031547	0.000073	0.000007	0.000002	0.000003	0.000004	0.000000	0.000026	0.000015	0.968322	0.685200
321	0.031547	0.000072	0.000006	0.000002	0.000004	0.000004	0.000001	0.000025	0.000014	0.968325	0.685200
322	0.031547	0.000071	0.000006	0.000002	0.000003	0.000004	0.000000	0.000023	0.000013	0.968329	0.685201
323	0.031548	0.000071	0.000006	0.000002	0.000003	0.000004	0.000000	0.000022	0.000012	0.968333	0.685202
324	0.031548	0.000071	0.000005	0.000001	0.000003	0.000004	0.000000	0.000021	0.000012	0.968336	0.685202
325	0.031548	0.000071	0.000005	0.000001	0.000003	0.000004	0.000001	0.000020	0.000011	0.968338	0.685202
326	0.031547	0.000071	0.000004	0.000001	0.000003	0.000004	0.000001	0.000019	0.000010	0.968340	0.685202
327	0.031547	0.000070	0.000005	0.000001	0.000003	0.000003	0.000000	0.000018	0.000010	0.968342	0.685203
328	0.031547	0.000070	0.000004	0.000001	0.000002	0.000003	0.000000	0.000018	0.000010	0.968344	0.685203
329	0.031547	0.000069	0.000005	0.000001	0.000002	0.000003	0.000000	0.000016	0.000009	0.968347	0.685203
330	0.031547	0.000069	0.000004	0.000001	0.000003	0.000003	0.000000	0.000015	0.000009	0.968348	0.685204
331	0.031548	0.000069	0.000004	0.000001	0.000002	0.000003	0.000000	0.000015	0.000008	0.968350	0.685204
332	0.031548	0.000069	0.000004	0.000001	0.000002	0.000003	0.000000	0.000014	0.000007	0.968352	0.685205
333	0.031548	0.000068	0.000003	0.000001	0.000002	0.000002	0.000000	0.000013	0.000006	0.968355	0.685205
334	0.031548	0.000068	0.000003	0.000001	0.000002	0.000002	0.000000	0.000012	0.000006	0.968357	0.685205
335	0.031548	0.000069	0.000002	0.000001	0.000002	0.000002	0.000000	0.000011	0.000005	0.968359	0.685205
336	0.031548	0.000069	0.000002	0.000001	0.000001	0.000002	0.000000	0.000011	0.000005	0.968360	0.685205
337	0.031548	0.000069	0.000002	0.000001	0.000001	0.000002	0.000000	0.000010	0.000005	0.968361	0.685206
338	0.031548	0.000068	0.000002	0.000000	0.000001	0.000002	0.000000	0.000009	0.000005	0.968363	0.685206
339	0.031548	0.000068	0.000002	0.000000	0.000001	0.000002	0.000000	0.000009	0.000005	0.968364	0.685206
340	0.031548	0.000068	0.000002	0.000000	0.000001	0.000002	0.000000	0.000008	0.000005	0.968365	0.685206
341	0.031548	0.000068	0.000002	0.000001	0.000001	0.000002	0.000000	0.000008	0.000005	0.968366	0.685206
342	0.031548	0.000067	0.000002	0.000001	0.000001	0.000001	0.000000	0.000007	0.000004	0.968368	0.685206
343	0.031548	0.000067	0.000002	0.000001	0.000001	0.000001	0.000000	0.000007	0.000004	0.968369	0.685206
344	0.031548	0.000067	0.000002	0.000001	0.000001	0.000001	0.000000	0.000006	0.000004	0.968370	0.685206
345	0.031548	0.000067	0.000002	0.000001	0.000001	0.000001	0.000000	0.000005	0.000004	0.968372	0.685207
346	0.031548	0.000067	0.000002	0.000001	0.000000	0.000001	0.000000	0.000005	0.000003	0.968373	0.685207
347	0.031548	0.000066	0.000002	0.000001	0.000000	0.000001	0.000000	0.000004	0.000003	0.968374	0.685207
348	0.031548	0.000066	0.000002	0.000001	0.000000	0.000001	0.000000	0.000004	0.000002	0.968375	0.685207
349	0.031548	0.000066	0.000002	0.000001	0.000000	0.000001	0.000000	0.000004	0.000002	0.968376	0.685207
350	0.031548	0.000066	0.000002	0.000001	0.000000	0.000001	0.000000	0.000004	0.000002	0.968376	0.685207
351	0.031548	0.000066	0.000001	0.000000	0.000000	0.000001	0.000000	0.000004	0.000002	0.968377	0.685207
352	0.031548	0.000066	0.000002	0.000000	0.000000	0.000001	0.000000	0.000004	0.000002	0.968377	0.685207
353	0.031548	0.000066	0.000002	0.000000	0.000000	0.000001	0.000000	0.000003	0.000002	0.968378	0.685207
354	0.031548	0.000066	0.000001	0.000000	0.000000	0.000000	0.000000	0.000003	0.000002	0.968378	0.685207
355	0.031548	0.000066	0.000002	0.000000	0.000000	0.000000	0.000000	0.000003	0.000002	0.968379	0.685208
356	0.031548	0.000066	0.000001	0.000000	0.000000	0.000000	0.000000	0.000003	0.000002	0.968379	0.685208
357	0.031549	0.000066	0.000001	0.000000	0.000000	0.000000	0.000000	0.000003	0.000002	0.968379	0.685208
358	0.031548	0.000066	0.000001	0.000000	0.000000	0.000000	0.000000	0.000003	0.000002	0.968379	0.685208
359	0.031548	0.000066	0.000001	0.000000	0.000000	0.000000	0.000000	0.000003	0.000001	0.968380	0.685208
360	0.031548	0.000066	0.000001	0.000000	0.000000	0.000000	0.000000	0.000003	0.000001	0.968380	0.685208
361	0.031548	0.000066	0.000001	0.000000	0.000000	0.000000	0.000000	0.000003	0.000001	0.968380	0.685208
362	0.031549	0.000066	0.000001	0.000000	0.000000	0.000000	0.000000	0.000003	0.000001	0.968380	0.685208
363	0.031549	0.000066	0.000001	0.000000	0.000000	0.000000	0.000000	0.000002	0.000001	0.968381	0.685208
364	0.031549	0.000066	0.000001	0.000000	0.000000	0.000000	0.000000	0.000002	0.000001	0.968381	0.685208
365	0.031549	0.000065	0.000001	0.000000	0.000000	0.000000	0.000000	0.000002	0.000001	0.968381	0.685208
366	0.031549	0.000065	0.000001	0.000000	0.000001	0.000000	0.000000	0.000002	0.000001	0.968382	0.685208
367	0.031549	0.000065	0.000001	0.000000	0.000001	0.000000	0.000000	0.000002	0.000001	0.968382	0.685208
368	0.031549	0.000065	0.000000	0.000000	0.000001	0.000000	0.000000	0.000002	0.000001	0.968382	0.685208
369	0.031549	0.000065	0.000000	0.000000	0.000001	0.000000	0.000000	0.000002	0.000001	0.968382	0.685208
370	0.031548	0.000065	0.000001	0.000000	0.000000	0.000000	0.000000	0.000002	0.000001	0.968383	0.685208
371	0.031548	0.000065	0.000001	0.000000	0.000000	0.000000	0.000000	0.000002	0.000000	0.968383	0.685208
372	0.031548	0.000065	0.000001	0.000000	0.000000	0.000000	0.000000	0.000001	0.000000	0.968383	0.685208
373	0.031548	0.000065	0.000001	0.000000	0.000000	0.000000	0.000000	0.000001	0.000000	0.968383	0.685208
374	0.031548	0.000065	0.000000	0.000000	0.000000	0.000000	0.000000	0.000001	0.000000	0.968384	0.685208
375	0.031548	0.000065	0.000001	0.000000	0.000000	0.000000	0.000000	0.000001	0.000000	0.968384	0.685208
376	0.031548	0.000065	0.000000	0.000000	0.000000	0.000000	0.000000	0.000001	0.000000	0.968384	0.685208
377	0.031548	0.000065	0.000000	0.000000	0.000000	0.000000	0.000000	0.000001	0.000000	0.968384	0.685208
378	0.031548	0.000065	0.000000	0.000000	0.000000	0.000000	0.000000	0.000001	0.000000	0.968384	0.685208
379	0.031548	0.000065	0.000000	0.000000	0.000000	0.000000	0.000000	0.000001	0.000000	0.968385	0.685208
380	0.031548	0.000065	0.000000	0.000000	0.000000	0.000000	0.000000	0.000001	0.000000	0.968385	0.685208
381	0.031548	0.000065	0.000000	0.000000	0.000000	0.000000	0.000000	0.000001	0.000000	0.968385	0.685208
382	0.031548	0.000065	0.000000	0.000000	0.000000	0.000000	0.000000	0.000001	0.000000	0.968385	0.685208
383	0.031548	0.000065	0.000000	0.000000	0.000000	0.000000	0.000000	0.000001	0.000000	0.968385	0.685208
384	0.031548	0.000065	0.000000	0.000000	0.000000	0.000000	0.000000	0.000001	0.000000	0.968385	0.685208
385	0.031548	0.000065	0.000000	0.000000	0.000000	0.000000	0.000000	0.000000	0.000000	0.968386	0.685208
386	0.031548	0.000065	0.000000	0.000000	0.000000	0.000000	0.000000	0.000000	0.000000	0.968386	0.685208
387	0.031548	0.000065	0.000000	0.000000	0.000000	0.000000	0.000000	0.000000	0.000000	0.968386	0.685208
