0	0.031548	0.000065	0.000000	0.000000	0.000000	0.000000	0.000000	0.000000	0.000000	0.968387	0.685208
0	0.999999	0.000000	0.000000	0.000000	0.000000	0.000000	0.000000	0.000000	0.000000	0.000000	0.685208
1	0.999999	0.000001	0.000000	0.000000	0.000000	0.000000	0.000000	0.000000	0.000000	0.000000	0.685208
2	0.999998	0.000001	0.000000	0.000000	0.000000	0.000000	0.000000	0.000000	0.000000	0.000000	0.685208
3	0.999998	0.000001	0.000000	0.000000	0.000000	0.000000	0.000000	0.000000	0.000000	0.000000	0.685208
4	0.999998	0.000002	0.000000	0.000000	0.000000	0.000000	0.000000	0.000000	0.000000	0.000000	0.685208
5	0.999997	0.000002	0.000001	0.000000	0.000000	0.000000	0.000000	0.000000	0.000000	0.000000	0.685208
6	0.999997	0.000002	0.000001	0.000000	0.000000	0.000000	0.000000	0.000000	0.000000	0.000000	0.685208
7	0.999996	0.000003	0.000001	0.000000	0.000000	0.000000	0.000000	0.000000	0.000000	0.000000	0.685208
8	0.999996	0.000003	0.000001	0.000000	0.000000	0.000000	0.000000	0.000000	0.000000	0.000000	0.685208
9	0.999996	0.000003	0.000001	0.000000	0.000000	0.000000	0.000000	0.000000	0.000000	0.000000	0.685208
10	0.999994	0.000004	0.000001	0.000000	0.000000	0.000000	0.000000	0.000000	0.000000	0.000000	0.685208
11	0.999993	0.000004	0.000001	0.000000	0.000000	0.000000	0.000000	0.000000	0.000000	0.000000	0.685208
12	0.999992	0.000005	0.000001	0.000000	0.000000	0.000000	0.000000	0.000000	0.000000	0.000000	0.685208
13	0.999991	0.000006	0.000001	0.000000	0.000000	0.000000	0.000000	0.000000	0.000000	0.000000	0.685208
14	0.999991	0.000006	0.000002	0.000000	0.000000	0.000000	0.000000	0.000000	0.000000	0.000001	0.685208
15	0.999990	0.000007	0.000002	0.000000	0.000000	0.000000	0.000000	0.000000	0.000000	0.000001	0.685208
16	0.999988	0.000008	0.000002	0.000000	0.000000	0.000000	0.000000	0.000000	0.000000	0.000001	0.685208
17	0.999987	0.000009	0.000002	0.000000	0.000000	0.000000	0.000000	0.000000	0.000000	0.000001	0.685208
18	0.999986	0.000009	0.000003	0.000000	0.000000	0.000000	0.000000	0.000000	0.000000	0.000001	0.685208
19	0.999984	0.000011	0.000003	0.000000	0.000000	0.000000	0.000000	0.000000	0.000000	0.000001	0.685208
20	0.999982	0.000012	0.000004	0.000000	0.000000	0.000000	0.000000	0.000000	0.000000	0.000001	0.685208
21	0.999980	0.000013	0.000004	0.000000	0.000001	0.000000	0.000000	0.000000	0.000000	0.000001	0.685208
22	0.999978	0.000015	0.000004	0.000000	0.000001	0.000000	0.000000	0.000000	0.000000	0.000002	0.685208
23	0.999976	0.000016	0.000004	0.000000	0.000001	0.000000	0.000000	0.000000	0.000000	0.000002	0.685208
24	0.999974	0.000017	0.000005	0.000000	0.000001	0.000000	0.000000	0.000001	0.000000	0.000002	0.685208
25	0.999971	0.000019	0.000006	0.000000	0.000001	0.000000	0.000000	0.000001	0.000000	0.000002	0.685208
26	0.999966	0.000022	0.000006	0.000001	0.000001	0.000000	0.000000	0.000001	0.000000	0.000002	0.685208
27	0.999960	0.000027	0.000007	0.000001	0.000001	0.000000	0.000000	0.000001	0.000000	0.000003	0.685208
28	0.999956	0.000029	0.000008	0.000001	0.000001	0.000000	0.000000	0.000001	0.000000	0.000003	0.685208
29	0.999952	0.000032	0.000009	0.000001	0.000001	0.000001	0.000000	0.000001	0.000000	0.000004	0.685208
30	0.999946	0.000035	0.000010	0.000001	0.000001	0.000001	0.000000	0.000001	0.000000	0.000004	0.685208
31	0.999938	0.000041	0.000010	0.000002	0.000001	0.000001	0.000000	0.000001	0.000000	0.000004	0.685208
32	0.999932	0.000046	0.000010	0.000002	0.000002	0.000001	0.000000	0.000001	0.000000	0.000005	0.685208
33	0.999924	0.000051	0.000012	0.000002	0.000002	0.000001	0.000000	0.000002	0.000000	0.000006	0.685208
34	0.999917	0.000056	0.000014	0.000002	0.000002	0.000001	0.000000	0.000002	0.000000	0.000007	0.685208
35	0.999909	0.000060	0.000015	0.000002	0.000002	0.000001	0.000000	0.000002	0.000000	0.000008	0.685208
36	0.999898	0.000067	0.000018	0.000002	0.000003	0.000001	0.000000	0.000002	0.000000	0.000009	0.685208
37	0.999888	0.000074	0.000019	0.000003	0.000003	0.000001	0.000001	0.000002	0.000000	0.000010	0.685208
38	0.999874	0.000083	0.000022	0.000002	0.000004	0.000001	0.000000	0.000003	0.000000	0.000011	0.685208
39	0.999860	0.000092	0.000023	0.000003	0.000004	0.000002	0.000001	0.000003	0.000000	0.000013	0.685208
40	0.999845	0.000101	0.000026	0.000004	0.000005	0.000002	0.000000	0.000003	0.000000	0.000014	0.685208
41	0.999827	0.000113	0.000029	0.000005	0.000005	0.000002	0.000000	0.000003	0.000000	0.000016	0.685208
42	0.999807	0.000126	0.000032	0.000005	0.000006	0.000003	0.000000	0.000003	0.000000	0.000017	0.685208
43	0.999786	0.000142	0.000033	0.000006	0.000007	0.000003	0.000000	0.000004	0.000000	0.000019	0.685208
44	0.999763	0.000157	0.000036	0.000006	0.000007	0.000004	0.000001	0.000004	0.000000	0.000022	0.685208
45	0.999739	0.000172	0.000041	0.000006	0.000007	0.000004	0.000001	0.000004	0.000000	0.000025	0.685208
46	0.999710	0.000191	0.000046	0.000007	0.000008	0.000004	0.000001	0.000005	0.000000	0.000027	0.685208
47	0.999682	0.000206	0.000052	0.000010	0.000008	0.000005	0.000001	0.000005	0.000000	0.000030	0.685208
48	0.999645	0.000232	0.000057	0.000012	0.000009	0.000005	0.000001	0.000006	0.000000	0.000033	0.685208
49	0.999606	0.000260	0.000061	0.000012	0.000010	0.000006	0.000001	0.000006	0.000000	0.000038	0.685208
50	0.999565	0.000287	0.000068	0.000014	0.000010	0.000007	0.000001	0.000006	0.000000	0.000043	0.685208
51	0.999520	0.000313	0.000077	0.000014	0.000011	0.000007	0.000001	0.000007	0.000000	0.000049	0.685208
52	0.999470	0.000344	0.000087	0.000014	0.000013	0.000008	0.000002	0.000008	0.000000	0.000055	0.685208
53	0.999410	0.000386	0.000096	0.000016	0.000013	0.000009	0.000002	0.000008	0.000000	0.000060	0.685208
54	0.999345	0.000428	0.000106	0.000018	0.000016	0.000010	0.000001	0.000009	0.000000	0.000066	0.685208
55	0.999269	0.000479	0.000117	0.000019	0.000018	0.000011	0.000002	0.000010	0.000000	0.000074	0.685208
56	0.999191	0.000530	0.000130	0.000023	0.000019	0.000012	0.000003	0.000010	0.000000	0.000082	0.685208
57	0.999100	0.000589	0.000146	0.000025	0.000021	0.000013	0.000004	0.000011	0.000000	0.000091	0.685208
58	0.999003	0.000651	0.000161	0.000028	0.000024	0.000014	0.000004	0.000013	0.000000	0.000100	0.685208
59	0.998884	0.000736	0.000176	0.000030	0.000027	0.000015	0.000005	0.000015	0.000000	0.000112	0.685208
60	0.998768	0.000811	0.000194	0.000033	0.000031	0.000018	0.000004	0.000018	0.000000	0.000124	0.685208
61	0.998633	0.000899	0.000215	0.000036	0.000035	0.000020	0.000004	0.000019	0.000000	0.000137	0.685208
62	0.998488	0.000997	0.000240	0.000037	0.000039	0.000022	0.000004	0.000022	0.000000	0.000152	0.685208
63	0.998325	0.001098	0.000272	0.000042	0.000042	0.000024	0.000006	0.000024	0.000000	0.000168	0.685208
64	0.998146	0.001213	0.000299	0.000048	0.000047	0.000026	0.000007	0.000026	0.000001	0.000185	0.685208
65	0.997954	0.001337	0.000333	0.000054	0.000052	0.000028	0.000007	0.000030	0.000001	0.000204	0.685208
66	0.997728	0.001485	0.000367	0.000063	0.000059	0.000032	0.000007	0.000033	0.000001	0.000224	0.685208
67	0.997481	0.001648	0.000405	0.000069	0.000064	0.000037	0.000007	0.000037	0.000001	0.000252	0.685208
68	0.997211	0.001820	0.000448	0.000078	0.000072	0.000041	0.000010	0.000041	0.000001	0.000280	0.685208
69	0.996896	0.002034	0.000489	0.000088	0.000079	0.000045	0.000010	0.000046	0.000001	0.000311	0.685208
70	0.996554	0.002261	0.000548	0.000091	0.000087	0.000049	0.000010	0.000051	0.000001	0.000348	0.685208
71	0.996188	0.002496	0.000605	0.000102	0.000101	0.000054	0.000013	0.000057	0.000001	0.000384	0.685208
72	0.995772	0.002771	0.000671	0.000110	0.000109	0.000060	0.000015	0.000063	0.000001	0.000428	0.685208
73	0.995314	0.003070	0.000745	0.000122	0.000123	0.000065	0.000018	0.000069	0.000001	0.000472	0.685208
74	0.994818	0.003392	0.000821	0.000135	0.000138	0.000073	0.000021	0.000078	0.000001	0.000523	0.685208
75	0.994250	0.003758	0.000921	0.000150	0.000152	0.000079	0.000020	0.000088	0.000001	0.000581	0.685208
76	0.993630	0.004156	0.001022	0.000170	0.000168	0.000087	0.000026	0.000096	0.000001	0.000642	0.685208
77	0.992957	0.004590	0.001131	0.000186	0.000187	0.000097	0.000029	0.000107	0.000001	0.000715	0.685209
78	0.992184	0.005106	0.001240	0.000209	0.000208	0.000111	0.000029	0.000121	0.000001	0.000789	0.685209
79	0.991342	0.005664	0.001368	0.000234	0.000229	0.000124	0.000028	0.000136	0.000001	0.000874	0.685209
80	0.990397	0.006282	0.001529	0.000248	0.000249	0.000138	0.000029	0.000151	0.000002	0.000975	0.685209
81	0.989373	0.006940	0.001700	0.000283	0.000273	0.000153	0.000035	0.000165	0.000002	0.001077	0.685209
82	0.988218	0.007701	0.001874	0.000315	0.000308	0.000169	0.000041	0.000184	0.000002	0.001189	0.685209
83	0.986965	0.008505	0.002077	0.000351	0.000338	0.000194	0.000043	0.000205	0.000002	0.001319	0.685209
84	0.985577	0.009405	0.002302	0.000385	0.000372	0.000213	0.000052	0.000226	0.000002	0.001466	0.685209
85	0.984035	0.010409	0.002542	0.000433	0.000413	0.000235	0.000055	0.000252	0.000002	0.001624	0.685209
86	0.982310	0.011540	0.002811	0.000468	0.000459	0.000256	0.000067	0.000277	0.000002	0.001809	0.685209
87	0.980452	0.012726	0.003137	0.000512	0.000501	0.000284	0.000072	0.000310	0.000002	0.002004	0.685209
88	0.978371	0.014071	0.003466	0.000565	0.000561	0.000311	0.000087	0.000345	0.000002	0.002219	0.685209
89	0.976057	0.015574	0.003832	0.000632	0.000627	0.000349	0.000093	0.000385	0.000002	0.002450	0.685209
90	0.973543	0.017192	0.004241	0.000710	0.000692	0.000386	0.000094	0.000431	0.000003	0.002708	0.685209
91	0.970714	0.019032	0.004686	0.000794	0.000770	0.000423	0.000107	0.000479	0.000003	0.002992	0.685209
92	0.967629	0.021043	0.005165	0.000880	0.000852	0.000465	0.000123	0.000528	0.000004	0.003312	0.685209
93	0.964233	0.023202	0.005739	0.000961	0.000936	0.000523	0.000131	0.000589	0.000004	0.003682	0.685209
94	0.960494	0.025603	0.006339	0.001078	0.001027	0.000582	0.000143	0.000655	0.000004	0.004075	0.685209
95	0.956408	0.028202	0.007011	0.001175	0.001136	0.000652	0.000163	0.000723	0.000005	0.004525	0.685209
96	0.951901	0.031073	0.007751	0.001298	0.001265	0.000719	0.000173	0.000802	0.000005	0.005013	0.685209
97	0.946932	0.034243	0.008558	0.001422	0.001411	0.000795	0.000189	0.000887	0.000006	0.005557	0.685209
98	0.941454	0.037728	0.009444	0.001573	0.001576	0.000876	0.000210	0.000981	0.000008	0.006149	0.685209
99	0.935492	0.041530	0.010384	0.001750	0.001740	0.000973	0.000233	0.001083	0.000009	0.006805	0.685209
100	0.928903	0.045694	0.011474	0.001929	0.001922	0.001068	0.000266	0.001199	0.000010	0.007535	0.685209
101	0.921930	0.050112	0.012667	0.002115	0.002138	0.001179	0.000299	0.001218	0.000011	0.008331	0.685316
102	0.914276	0.055023	0.013953	0.002331	0.002351	0.001299	0.000319	0.001217	0.000013	0.009219	0.685464
103	0.906000	0.060270	0.015379	0.002556	0.002571	0.001434	0.000349	0.001213	0.000014	0.010214	0.685626
104	0.897048	0.065921	0.016897	0.002821	0.002841	0.001579	0.000374	0.001211	0.000016	0.011293	0.685803
105	0.887342	0.071987	0.018571	0.003101	0.003129	0.001742	0.000418	0.001211	0.000018	0.012481	0.685992
106	0.876838	0.078566	0.020329	0.003436	0.003433	0.001924	0.000465	0.001205	0.000020	0.013785	0.686197
107	0.865482	0.085544	0.022332	0.003785	0.003771	0.002117	0.000509	0.001204	0.000021	0.015234	0.686422
108	0.853215	0.093080	0.024446	0.004179	0.004156	0.002324	0.000568	0.001202	0.000024	0.016806	0.686671
109	0.840087	0.101051	0.026743	0.004592	0.004545	0.002557	0.000624	0.001201	0.000026	0.018574	0.686950
110	0.826010	0.109499	0.029238	0.005028	0.004995	0.002809	0.000686	0.001200	0.000029	0.020507	0.687262
111	0.810946	0.118431	0.031982	0.005504	0.005456	0.003091	0.000740	0.001200	0.000032	0.022617	0.687611
112	0.794877	0.127909	0.034833	0.006022	0.005975	0.003400	0.000826	0.001196	0.000036	0.024925	0.687982
113	0.777794	0.137873	0.037934	0.006562	0.006566	0.003709	0.000901	0.001199	0.000039	0.027424	0.688404
114	0.759586	0.148378	0.041249	0.007124	0.007193	0.004062	0.000980	0.001203	0.000041	0.030183	0.688866
115	0.740460	0.159217	0.044708	0.007785	0.007876	0.004443	0.001078	0.001196	0.000043	0.033195	0.689376
116	0.720363	0.170346	0.048445	0.008474	0.008603	0.004864	0.001183	0.001194	0.000045	0.036484	0.689926
117	0.699183	0.181995	0.052327	0.009245	0.009379	0.005319	0.001281	0.001200	0.000047	0.040024	0.690546
118	0.677004	0.193961	0.056392	0.010038	0.010208	0.005822	0.001395	0.001198	0.000050	0.043933	0.691217
119	0.653992	0.206021	0.060694	0.010926	0.011100	0.006354	0.001500	0.001196	0.000052	0.048164	0.691949
120	0.630174	0.218204	0.065143	0.011886	0.012063	0.006954	0.001607	0.001191	0.000055	0.052723	0.692750
121	0.605439	0.230589	0.069860	0.012794	0.013047	0.007566	0.001745	0.001189	0.000058	0.057713	0.693604
122	0.580151	0.242688	0.074744	0.013798	0.014139	0.008228	0.001904	0.001194	0.000061	0.063093	0.694524
123	0.554267	0.254669	0.079825	0.014833	0.015242	0.008943	0.002018	0.001191	0.000064	0.068948	0.695541
124	0.527894	0.266401	0.085029	0.015913	0.016396	0.009679	0.002169	0.001193	0.000066	0.075260	0.696627
125	0.501199	0.277736	0.090326	0.017021	0.017632	0.010465	0.002308	0.001190	0.000069	0.082055	0.697791
126	0.474258	0.288555	0.095759	0.018145	0.018944	0.011281	0.002471	0.001190	0.000071	0.089327	0.699044
127	0.447177	0.298746	0.101282	0.019389	0.020254	0.012161	0.002650	0.001189	0.000074	0.097079	0.700382
128	0.420062	0.308309	0.106807	0.020652	0.021602	0.013085	0.002811	0.001191	0.000077	0.105404	0.701829
129	0.393258	0.316942	0.112281	0.021881	0.023039	0.014045	0.002979	0.001185	0.000079	0.114313	0.703365
130	0.366707	0.324665	0.117679	0.023180	0.024514	0.015007	0.003197	0.001188	0.000081	0.123781	0.704984
131	0.340623	0.331380	0.122942	0.024508	0.026015	0.016050	0.003390	0.001186	0.000084	0.133823	0.706730
132	0.315166	0.336896	0.128064	0.025778	0.027578	0.017125	0.003590	0.001187	0.000086	0.144530	0.708572
133	0.290530	0.341082	0.133054	0.027183	0.029099	0.018217	0.003764	0.001188	0.000088	0.155796	0.710524
134	0.266816	0.343880	0.137967	0.028538	0.030605	0.019331	0.003907	0.001185	0.000091	0.167679	0.712597
135	0.243965	0.345457	0.142462	0.029935	0.032158	0.020462	0.004119	0.001186	0.000094	0.180162	0.714728
136	0.222323	0.345509	0.146684	0.031177	0.033758	0.021610	0.004310	0.001189	0.000095	0.193343	0.716992
137	0.201891	0.344199	0.150515	0.032386	0.035278	0.022798	0.004494	0.001191	0.000097	0.207151	0.719364
138	0.182725	0.341495	0.153975	0.033534	0.036775	0.023981	0.004667	0.001188	0.000099	0.221561	0.721842
139	0.164923	0.337322	0.157056	0.034638	0.038254	0.025132	0.004818	0.001186	0.000100	0.236571	0.724417
140	0.148308	0.331954	0.159680	0.035657	0.039618	0.026328	0.004973	0.001190	0.000101	0.252192	0.727084
141	0.133054	0.325294	0.161884	0.036646	0.040861	0.027504	0.005118	0.001189	0.000103	0.268347	0.729828
142	0.119227	0.317304	0.163653	0.037409	0.042091	0.028635	0.005298	0.001189	0.000106	0.285087	0.732673
143	0.106673	0.308324	0.164774	0.038271	0.043308	0.029803	0.005421	0.001192	0.000107	0.302127	0.735608
144	0.095296	0.298586	0.165233	0.038996	0.044425	0.030925	0.005563	0.001191	0.000108	0.319677	0.738614
145	0.085271	0.287926	0.165162	0.039661	0.045326	0.032001	0.005643	0.001196	0.000109	0.337706	0.741714
146	0.076376	0.276548	0.164771	0.040047	0.046028	0.033012	0.005726	0.001200	0.000109	0.356183	0.744858
147	0.068530	0.264751	0.163607	0.040440	0.046758	0.033945	0.005822	0.001197	0.000109	0.374840	0.748052
148	0.061671	0.252473	0.162025	0.040683	0.047289	0.034800	0.005906	0.001193	0.000110	0.393850	0.751308
149	0.055751	0.239939	0.160014	0.040693	0.047666	0.035581	0.005937	0.001192	0.000111	0.413115	0.754627
150	0.050611	0.227314	0.157368	0.040596	0.047975	0.036333	0.006004	0.001194	0.000111	0.432494	0.757933
151	0.046246	0.214555	0.154422	0.040383	0.048114	0.036970	0.006036	0.001193	0.000112	0.451970	0.761272
152	0.042537	0.201941	0.151018	0.039983	0.048088	0.037529	0.006042	0.001194	0.000112	0.471554	0.764644
153	0.039438	0.189525	0.147127	0.039501	0.048015	0.037962	0.006038	0.001195	0.000114	0.491084	0.768023
154	0.036826	0.177482	0.142811	0.039039	0.047784	0.038338	0.005986	0.001194	0.000114	0.510426	0.771399
155	0.034649	0.165771	0.138249	0.038389	0.047396	0.038578	0.005906	0.001195	0.000115	0.529753	0.774757
156	0.032759	0.154623	0.133380	0.037555	0.046761	0.038803	0.005815	0.001192	0.000114	0.548999	0.778071
157	0.031277	0.143862	0.128373	0.036665	0.046007	0.038860	0.005714	0.001192	0.000114	0.567935	0.781342
158	0.030076	0.133717	0.122920	0.035738	0.045178	0.038842	0.005641	0.001192	0.000115	0.586580	0.784551
159	0.029106	0.124137	0.117360	0.034711	0.044215	0.038711	0.005535	0.001191	0.000114	0.604920	0.787721
160	0.028344	0.114998	0.111873	0.033564	0.043091	0.038499	0.005459	0.001190	0.000114	0.622868	0.790824
161	0.027733	0.106566	0.106241	0.032329	0.041857	0.038177	0.005378	0.001190	0.000112	0.640418	0.793877
162	0.027312	0.098659	0.100614	0.031143	0.040555	0.037709	0.005257	0.001188	0.000114	0.657448	0.796878
163	0.027007	0.091333	0.095038	0.029827	0.039182	0.037177	0.005125	0.001191	0.000114	0.674006	0.799803
164	0.026815	0.084601	0.089532	0.028450	0.037760	0.036536	0.004957	0.001190	0.000114	0.690046	0.802682
165	0.026677	0.078387	0.084176	0.027100	0.036284	0.035821	0.004786	0.001189	0.000116	0.705463	0.805461
166	0.026616	0.072675	0.078919	0.025804	0.034717	0.034997	0.004642	0.001189	0.000115	0.720326	0.808149
167	0.026581	0.067513	0.073735	0.024417	0.033183	0.034129	0.004517	0.001191	0.000116	0.734619	0.810733
168	0.026664	0.062744	0.068817	0.023071	0.031574	0.033208	0.004336	0.001191	0.000117	0.748279	0.813262
169	0.026782	0.058366	0.064106	0.021694	0.030008	0.032219	0.004161	0.001190	0.000117	0.761357	0.815712
170	0.026913	0.054317	0.059695	0.020390	0.028426	0.031162	0.004022	0.001190	0.000119	0.773767	0.818032
171	0.027063	0.050673	0.055479	0.019134	0.026854	0.030086	0.003838	0.001190	0.000118	0.785565	0.820278
172	0.027235	0.047321	0.051526	0.017910	0.025283	0.028974	0.003674	0.001193	0.000118	0.796767	0.822427
173	0.027434	0.044287	0.047767	0.016717	0.023795	0.027854	0.003487	0.001193	0.000119	0.807347	0.824498
174	0.027614	0.041496	0.044232	0.015596	0.022313	0.026694	0.003376	0.001192	0.000118	0.817369	0.826429
175	0.027858	0.038941	0.040974	0.014484	0.020892	0.025521	0.003212	0.001188	0.000118	0.826813	0.828314
176	0.028090	0.036607	0.037969	0.013485	0.019535	0.024346	0.003024	0.001192	0.000118	0.835634	0.830102
177	0.028331	0.034405	0.035176	0.012564	0.018271	0.023197	0.002839	0.001194	0.000119	0.843906	0.831799
178	0.028561	0.032351	0.032627	0.011648	0.017036	0.022033	0.002717	0.001192	0.000120	0.851715	0.833384
179	0.028777	0.030451	0.030313	0.010779	0.015875	0.020889	0.002595	0.001191	0.000121	0.859010	0.834893
180	0.029025	0.028696	0.028114	0.009982	0.014776	0.019783	0.002464	0.001191	0.000121	0.865847	0.836340
181	0.029250	0.027039	0.026161	0.009271	0.013732	0.018671	0.002350	0.001193	0.000121	0.872212	0.837698
182	0.029477	0.025468	0.024344	0.008627	0.012767	0.017623	0.002231	0.001191	0.000121	0.878153	0.838992
183	0.029725	0.023994	0.022704	0.008021	0.011851	0.016586	0.002087	0.001190	0.000121	0.883720	0.840237
184	0.029954	0.022598	0.021154	0.007461	0.011026	0.015609	0.001973	0.001193	0.000124	0.888908	0.841382
185	0.030174	0.021302	0.019815	0.006893	0.010211	0.014663	0.001844	0.001190	0.000122	0.893786	0.842473
186	0.030383	0.020033	0.018582	0.006459	0.009457	0.013748	0.001719	0.001191	0.000123	0.898305	0.843488
187	0.030550	0.018859	0.017479	0.005971	0.008760	0.012873	0.001640	0.001191	0.000124	0.902552	0.844420
188	0.030722	0.017757	0.016416	0.005586	0.008130	0.012067	0.001543	0.001192	0.000124	0.906463	0.845312
189	0.030905	0.016692	0.015434	0.005213	0.007598	0.011298	0.001428	0.001192	0.000124	0.910117	0.846159
190	0.031051	0.015672	0.014504	0.004869	0.007100	0.010572	0.001354	0.001191	0.000124	0.913563	0.846931
191	0.031183	0.014746	0.013636	0.004592	0.006624	0.009867	0.001265	0.001191	0.000124	0.916771	0.847664
192	0.031312	0.013844	0.012857	0.004303	0.006167	0.009223	0.001187	0.001190	0.000124	0.919794	0.848336
193	0.031428	0.013022	0.012084	0.004054	0.005794	0.008598	0.001097	0.001191	0.000124	0.922609	0.848974
194	0.031526	0.012212	0.011409	0.003806	0.005422	0.008015	0.001044	0.001192	0.000125	0.925249	0.849561
195	0.031614	0.011475	0.010732	0.003589	0.005077	0.007487	0.000987	0.001191	0.000125	0.927723	0.850110
196	0.031694	0.010786	0.010116	0.003361	0.004758	0.006998	0.000918	0.001189	0.000126	0.930055	0.850628
197	0.031765	0.010123	0.009536	0.003149	0.004474	0.006525	0.000859	0.001192	0.000126	0.932252	0.851106
198	0.031838	0.009506	0.008975	0.002950	0.004212	0.006087	0.000811	0.001189	0.000125	0.934307	0.851554
199	0.031911	0.008909	0.008454	0.002772	0.003964	0.005691	0.000730	0.001188	0.000125	0.936255	0.851977
200	0.031956	0.008363	0.007953	0.002599	0.003730	0.005333	0.000688	0.001191	0.000127	0.938060	0.852352
201	0.031996	0.007865	0.007454	0.002449	0.003530	0.004988	0.000645	0.001192	0.000126	0.939755	0.852712
202	0.032035	0.007383	0.006983	0.002331	0.003317	0.004669	0.000606	0.001195	0.000125	0.941356	0.853040
203	0.032076	0.006927	0.006553	0.002185	0.003129	0.004366	0.000571	0.001193	0.000127	0.942873	0.853351
204	0.032106	0.006490	0.006173	0.002056	0.002929	0.004091	0.000534	0.001192	0.000126	0.944304	0.853636
205	0.032146	0.006078	0.005800	0.001916	0.002754	0.003842	0.000496	0.001191	0.000127	0.945651	0.853898
206	0.032164	0.005694	0.005463	0.001793	0.002594	0.003597	0.000460	0.001189	0.000127	0.946919	0.854139
207	0.032169	0.005343	0.005121	0.001699	0.002441	0.003368	0.000437	0.001192	0.000125	0.948104	0.854359
208	0.032190	0.004996	0.004811	0.001596	0.002305	0.003160	0.000406	0.001192	0.000125	0.949218	0.854570
209	0.032188	0.004686	0.004511	0.001493	0.002163	0.002960	0.000385	0.001187	0.000126	0.950301	0.854757
210	0.032183	0.004394	0.004227	0.001411	0.002041	0.002789	0.000354	0.001192	0.000126	0.951283	0.854927
211	0.032190	0.004122	0.003960	0.001338	0.001903	0.002617	0.000328	0.001193	0.000126	0.952224	0.855091
212	0.032177	0.003875	0.003714	0.001251	0.001794	0.002464	0.000313	0.001189	0.000125	0.953100	0.855236
213	0.032170	0.003621	0.003497	0.001184	0.001680	0.002309	0.000294	0.001191	0.000125	0.953928	0.855367
214	0.032160	0.003405	0.003270	0.001115	0.001580	0.002165	0.000275	0.001195	0.000124	0.954711	0.855491
215	0.032151	0.003191	0.003081	0.001042	0.001475	0.002032	0.000255	0.001190	0.000123	0.955460	0.855605
216	0.032145	0.002979	0.002898	0.000971	0.001383	0.001905	0.000232	0.001193	0.000122	0.956172	0.855709
217	0.032128	0.002787	0.002724	0.000905	0.001307	0.001786	0.000219	0.001194	0.000122	0.956829	0.855796
218	0.032116	0.002617	0.002537	0.000864	0.001231	0.001683	0.000200	0.001194	0.000123	0.957435	0.855884
219	0.032094	0.002452	0.002378	0.000806	0.001153	0.001575	0.000195	0.001194	0.000123	0.958030	0.855953
220	0.032082	0.002299	0.002224	0.000755	0.001093	0.001468	0.000188	0.001190	0.000124	0.958578	0.856025
221	0.032067	0.002152	0.002071	0.000712	0.001027	0.001387	0.000170	0.001188	0.000123	0.959105	0.856089
222	0.032045	0.002010	0.001938	0.000659	0.000957	0.001303	0.000165	0.001191	0.000121	0.959610	0.856137
223	0.032029	0.001880	0.001807	0.000620	0.000894	0.001229	0.000154	0.001197	0.000122	0.960068	0.856186
224	0.032013	0.001767	0.001684	0.000580	0.000834	0.001153	0.000145	0.001193	0.000121	0.960511	0.856234
225	0.031996	0.001644	0.001577	0.000542	0.000788	0.001079	0.000138	0.001193	0.000120	0.960923	0.856274
226	0.031978	0.001543	0.001473	0.000510	0.000732	0.001018	0.000121	0.001189	0.000119	0.961316	0.856313
227	0.031949	0.001444	0.001385	0.000467	0.000689	0.000956	0.000111	0.001192	0.000119	0.961689	0.856338
228	0.031923	0.001351	0.001299	0.000437	0.000642	0.000899	0.000104	0.001190	0.000117	0.962038	0.856362
229	0.031889	0.001264	0.001220	0.000414	0.000600	0.000843	0.000108	0.001194	0.000116	0.962353	0.856375
230	0.031862	0.001186	0.001147	0.000375	0.000559	0.000787	0.000103	0.001192	0.000115	0.962673	0.856392
231	0.031840	0.001116	0.001067	0.000355	0.000525	0.000738	0.000089	0.001192	0.000114	0.962963	0.856410
232	0.031809	0.001043	0.001003	0.000330	0.000487	0.000691	0.000087	0.001191	0.000112	0.963246	0.856416
233	0.031777	0.000980	0.000941	0.000311	0.000458	0.000647	0.000081	0.001188	0.000111	0.963507	0.856423
234	0.031744	0.000922	0.000874	0.000298	0.000428	0.000606	0.000075	0.001189	0.000110	0.963755	0.856425
235	0.031715	0.000865	0.000816	0.000281	0.000398	0.000567	0.000070	0.001194	0.000109	0.963987	0.856427
236	0.031682	0.000824	0.000761	0.000256	0.000372	0.000528	0.000064	0.001189	0.000108	0.964218	0.856429
237	0.031658	0.000771	0.000710	0.000241	0.000347	0.000494	0.000062	0.001179	0.000104	0.964435	0.856432
238	0.031635	0.000725	0.000662	0.000226	0.000325	0.000463	0.000058	0.001167	0.000103	0.964635	0.856435
239	0.031615	0.000685	0.000615	0.000214	0.000303	0.000434	0.000052	0.001154	0.000103	0.964825	0.856438
240	0.031596	0.000641	0.000579	0.000199	0.000285	0.000408	0.000049	0.001136	0.000101	0.965005	0.856440
241	0.031577	0.000601	0.000545	0.000186	0.000266	0.000383	0.000047	0.001116	0.000101	0.965178	0.856442
242	0.031557	0.000572	0.000503	0.000177	0.000251	0.000359	0.000042	0.001098	0.000099	0.965343	0.856445
243	0.031538	0.000539	0.000471	0.000164	0.000238	0.000339	0.000041	0.001073	0.000100	0.965497	0.856446
244	0.031524	0.000509	0.000437	0.000149	0.000223	0.000316	0.000039	0.001050	0.000099	0.965653	0.856448
245	0.031509	0.000480	0.000406	0.000137	0.000211	0.000294	0.000039	0.001024	0.000098	0.965802	0.856450
246	0.031494	0.000459	0.000377	0.000127	0.000194	0.000281	0.000035	0.000998	0.000097	0.965939	0.856452
247	0.031485	0.000428	0.000355	0.000120	0.000183	0.000261	0.000034	0.000974	0.000094	0.966064	0.856455
248	0.031474	0.000408	0.000334	0.000112	0.000171	0.000244	0.000027	0.000949	0.000093	0.966188	0.856457
249	0.031463	0.000388	0.000312	0.000104	0.000160	0.000225	0.000029	0.000920	0.000092	0.966305	0.856459
250	0.031453	0.000366	0.000295	0.000096	0.000146	0.000212	0.000029	0.000893	0.000091	0.966420	0.856461
251	0.031444	0.000347	0.000278	0.000090	0.000135	0.000198	0.000025	0.000867	0.000089	0.966526	0.856464
252	0.031435	0.000330	0.000263	0.000084	0.000125	0.000185	0.000024	0.000838	0.000088	0.966629	0.856467
253	0.031426	0.000313	0.000248	0.000078	0.000115	0.000172	0.000022	0.000810	0.000087	0.966728	0.856469
254	0.031417	0.000299	0.000232	0.000075	0.000111	0.000161	0.000020	0.000781	0.000085	0.966820	0.856471
255	0.031412	0.000283	0.000215	0.000070	0.000106	0.000151	0.000017	0.000754	0.000083	0.966909	0.856473
256	0.031405	0.000272	0.000201	0.000065	0.000097	0.000143	0.000016	0.000729	0.000082	0.966990	0.856475
257	0.031399	0.000259	0.000188	0.000063	0.000090	0.000135	0.000014	0.000702	0.000079	0.967069	0.856477
258	0.031394	0.000245	0.000179	0.000060	0.000083	0.000128	0.000012	0.000675	0.000079	0.967144	0.856479
259	0.031389	0.000236	0.000167	0.000056	0.000077	0.000122	0.000013	0.000646	0.000078	0.967216	0.856481
260	0.031385	0.000223	0.000160	0.000052	0.000072	0.000116	0.000012	0.000617	0.000077	0.967286	0.856483
261	0.031382	0.000213	0.000150	0.000050	0.000068	0.000107	0.000011	0.000589	0.000076	0.967354	0.856485
262	0.031378	0.000202	0.000143	0.000045	0.000066	0.000100	0.000012	0.000563	0.000075	0.967418	0.856487
263	0.031373	0.000195	0.000133	0.000043	0.000062	0.000093	0.000012	0.000537	0.000074	0.967478	0.856489
264	0.031369	0.000187	0.000125	0.000039	0.000060	0.000085	0.000012	0.000512	0.000073	0.967538	0.856490
265	0.031365	0.000179	0.000118	0.000039	0.000057	0.000080	0.000011	0.000486	0.000071	0.967595	0.856491
266	0.031363	0.000168	0.000114	0.000037	0.000052	0.000075	0.000009	0.000463	0.000069	0.967651	0.856493
267	0.031361	0.000161	0.000108	0.000033	0.000049	0.000070	0.000006	0.000437	0.000068	0.967706	0.856495
268	0.031359	0.000155	0.000099	0.000032	0.000048	0.000066	0.000007	0.000415	0.000066	0.967754	0.856497
269	0.031356	0.000151	0.000092	0.000029	0.000046	0.000063	0.000007	0.000392	0.000064	0.967801	0.856498
270	0.031355	0.000146	0.000085	0.000025	0.000043	0.000058	0.000008	0.000368	0.000062	0.967850	0.856500
271	0.031353	0.000140	0.000078	0.000025	0.000041	0.000053	0.000008	0.000348	0.000061	0.967892	0.856501
272	0.031351	0.000135	0.000074	0.000023	0.000038	0.000049	0.000007	0.000325	0.000060	0.967938	0.856502
273	0.031349	0.000132	0.000068	0.000023	0.000034	0.000046	0.000006	0.000307	0.000059	0.967977	0.856504
274	0.031348	0.000127	0.000064	0.000022	0.000033	0.000043	0.000005	0.000293	0.000057	0.968008	0.856505
275	0.031345	0.000125	0.000059	0.000020	0.000030	0.000042	0.000005	0.000272	0.000056	0.968045	0.856506
276	0.031344	0.000121	0.000057	0.000018	0.000028	0.000040	0.000005	0.000255	0.000056	0.968076	0.856507
277	0.031343	0.000118	0.000052	0.000017	0.000027	0.000037	0.000004	0.000238	0.000054	0.968110	0.856508
278	0.031343	0.000115	0.000048	0.000018	0.000025	0.000035	0.000004	0.000224	0.000052	0.968138	0.856510
279	0.031341	0.000113	0.000044	0.000018	0.000023	0.000031	0.000005	0.000208	0.000051	0.968167	0.856511
280	0.031340	0.000109	0.000042	0.000015	0.000021	0.000029	0.000004	0.000196	0.000049	0.968192	0.856512
281	0.031339	0.000108	0.000039	0.000015	0.000020	0.000028	0.000003	0.000182	0.000048	0.968218	0.856514
282	0.031339	0.000105	0.000038	0.000014	0.000018	0.000025	0.000003	0.000172	0.000046	0.968240	0.856515
283	0.031339	0.000102	0.000036	0.000014	0.000017	0.000023	0.000002	0.000161	0.000045	0.968262	0.856516
284	0.031338	0.000099	0.000034	0.000014	0.000016	0.000022	0.000002	0.000150	0.000044	0.968282	0.856517
285	0.031338	0.000096	0.000032	0.000013	0.000015	0.000020	0.000003	0.000139	0.000042	0.968302	0.856518
286	0.031337	0.000094	0.000030	0.000013	0.000014	0.000019	0.000003	0.000129	0.000040	0.968321	0.856519
287	0.031337	0.000091	0.000029	0.000012	0.000014	0.000018	0.000002	0.000121	0.000039	0.968337	0.856520
288	0.031336	0.000090	0.000026	0.000011	0.000012	0.000016	0.000002	0.000114	0.000038	0.968353	0.856521
289	0.031336	0.000088	0.000025	0.000010	0.000010	0.000016	0.000001	0.000107	0.000037	0.968369	0.856522
290	0.031337	0.000087	0.000022	0.000009	0.000010	0.000015	0.000001	0.000099	0.000035	0.968385	0.856523
291	0.031336	0.000085	0.000022	0.000008	0.000009	0.000014	0.000002	0.000092	0.000034	0.968398	0.856524
292	0.031336	0.000084	0.000021	0.000006	0.000009	0.000013	0.000002	0.000085	0.000033	0.968411	0.856524
293	0.031336	0.000082	0.000021	0.000005	0.000009	0.000012	0.000002	0.000081	0.000031	0.968420	0.856525
294	0.031336	0.000082	0.000019	0.000005	0.000009	0.000012	0.000002	0.000076	0.000031	0.968429	0.856526
295	0.031336	0.000080	0.000019	0.000005	0.000008	0.000011	0.000001	0.000070	0.000029	0.968440	0.856527
296	0.031337	0.000079	0.000017	0.000005	0.000009	0.000010	0.000001	0.000066	0.000028	0.968448	0.856528
297	0.031336	0.000077	0.000016	0.000004	0.000009	0.000009	0.000001	0.000062	0.000027	0.968458	0.856528
298	0.031337	0.000076	0.000016	0.000005	0.000008	0.000009	0.000001	0.000057	0.000026	0.968466	0.856529
299	0.031336	0.000075	0.000015	0.000005	0.000008	0.000009	0.000001	0.000055	0.000025	0.968472	0.856530
300	0.031336	0.000074	0.000014	0.000004	0.000008	0.000008	0.000001	0.000051	0.000024	0.968479	0.856530
301	0.031337	0.000074	0.000012	0.000005	0.000007	0.000008	0.000001	0.000047	0.000023	0.968487	0.856531
302	0.031337	0.000073	0.000011	0.000004	0.000007	0.000007	0.000001	0.000045	0.000022	0.968494	0.856531
303	0.031337	0.000073	0.000010	0.000004	0.000006	0.000006	0.000002	0.000043	0.000021	0.968500	0.856532
304	0.031336	0.000072	0.000010	0.000004	0.000006	0.000006	0.000001	0.000041	0.000019	0.968505	0.856533
305	0.031336	0.000071	0.000009	0.000002	0.000005	0.000006	0.000001	0.000038	0.000019	0.968512	0.856533
306	0.031337	0.000071	0.000008	0.000002	0.000004	0.000006	0.000001	0.000036	0.000017	0.968517	0.856534
307	0.031337	0.000070	0.000008	0.000002	0.000004	0.000006	0.000001	0.000034	0.000017	0.968521	0.856534
308	0.031337	0.000070	0.000007	0.000003	0.000004	0.000006	0.000001	0.000032	0.000016	0.968525	0.856535
309	0.031337	0.000070	0.000006	0.000003	0.000004	0.000006	0.000000	0.000029	0.000014	0.968530	0.856535
310	0.031337	0.000070	0.000005	0.000003	0.000003	0.000006	0.000000	0.000028	0.000014	0.968534	0.856536
311	0.031337	0.000070	0.000005	0.000003	0.000003	0.000005	0.000000	0.000026	0.000013	0.968538	0.856536
312	0.031337	0.000069	0.000005	0.000002	0.000003	0.000005	0.000000	0.000024	0.000013	0.968542	0.856536
313	0.031337	0.000069	0.000005	0.000002	0.000002	0.000004	0.000000	0.000022	0.000012	0.968546	0.856537
314	0.031337	0.000069	0.000004	0.000001	0.000002	0.000004	0.000000	0.000021	0.000011	0.968549	0.856537
315	0.031338	0.000068	0.000004	0.000002	0.000002	0.000003	0.000001	0.000020	0.000011	0.968552	0.856538
316	0.031338	0.000068	0.000004	0.000001	0.000002	0.000003	0.000000	0.000018	0.000010	0.968555	0.856538
317	0.031337	0.000068	0.000004	0.000001	0.000002	0.000003	0.000000	0.000017	0.000010	0.968559	0.856538
318	0.031337	0.000068	0.000003	0.000001	0.000002	0.000003	0.000000	0.000015	0.000009	0.968562	0.856538
319	0.031337	0.000067	0.000004	0.000001	0.000001	0.000003	0.000000	0.000014	0.000009	0.968564	0.856539
320	0.031338	0.000067	0.000004	0.000001	0.000001	0.000002	0.000000	0.000013	0.000008	0.968566	0.856539
321	0.031338	0.000066	0.000004	0.000001	0.000001	0.000002	0.000001	0.000012	0.000008	0.968568	0.856539
322	0.031338	0.000066	0.000004	0.000001	0.000001	0.000002	0.000000	0.000011	0.000008	0.968569	0.856539
323	0.031338	0.000066	0.000004	0.000001	0.000001	0.000002	0.000000	0.000011	0.000008	0.968570	0.856539
324	0.031338	0.000066	0.000004	0.000001	0.000001	0.000002	0.000000	0.000010	0.000007	0.968572	0.856540
325	0.031338	0.000065	0.000004	0.000000	0.000001	0.000002	0.000000	0.000009	0.000007	0.968573	0.856540
326	0.031338	0.000065	0.000004	0.000001	0.000001	0.000002	0.000000	0.000009	0.000006	0.968574	0.856540
327	0.031338	0.000065	0.000004	0.000000	0.000001	0.000002	0.000000	0.000009	0.000006	0.968575	0.856541
328	0.031338	0.000065	0.000004	0.000000	0.000001	0.000002	0.000000	0.000008	0.000006	0.968576	0.856541
329	0.031338	0.000064	0.000003	0.000001	0.000001	0.000002	0.000000	0.000007	0.000006	0.968578	0.856541
330	0.031338	0.000064	0.000003	0.000001	0.000001	0.000001	0.000000	0.000007	0.000005	0.968579	0.856541
331	0.031339	0.000064	0.000002	0.000001	0.000001	0.000001	0.000000	0.000007	0.000005	0.968579	0.856541
332	0.031338	0.000064	0.000002	0.000001	0.000001	0.000001	0.000000	0.000007	0.000005	0.968580	0.856541
333	0.031339	0.000064	0.000002	0.000001	0.000001	0.000001	0.000000	0.000007	0.000004	0.968581	0.856542
334	0.031339	0.000064	0.000002	0.000001	0.000001	0.000001	0.000000	0.000006	0.000004	0.968582	0.856542
335	0.031339	0.000064	0.000002	0.000000	0.000001	0.000001	0.000000	0.000006	0.000004	0.968583	0.856542
336	0.031339	0.000063	0.000001	0.000000	0.000001	0.000001	0.000000	0.000006	0.000004	0.968584	0.856542
337	0.031339	0.000063	0.000001	0.000000	0.000001	0.000001	0.000000	0.000006	0.000003	0.968585	0.856542
338	0.031339	0.000063	0.000001	0.000000	0.000001	0.000001	0.000000	0.000005	0.000003	0.968585	0.856542
339	0.031339	0.000063	0.000001	0.000000	0.000001	0.000001	0.000000	0.000005	0.000003	0.968586	0.856542
340	0.031339	0.000064	0.000001	0.000000	0.000001	0.000001	0.000000	0.000005	0.000003	0.968587	0.856542
341	0.031339	0.000063	0.000001	0.000001	0.000001	0.000001	0.000000	0.000005	0.000003	0.968587	0.856542
342	0.031339	0.000063	0.000001	0.000001	0.000001	0.000001	0.000000	0.000005	0.000002	0.968588	0.856542
343	0.031339	0.000063	0.000001	0.000000	0.000000	0.000001	0.000000	0.000004	0.000002	0.968589	0.856542
344	0.031339	0.000063	0.000001	0.000000	0.000001	0.000001	0.000000	0.000004	0.000002	0.968589	0.856542
345	0.031339	0.000063	0.000001	0.000000	0.000000	0.000000	0.000000	0.000004	0.000002	0.968590	0.856542
346	0.031339	0.000063	0.000001	0.000000	0.000000	0.000000	0.000000	0.000004	0.000002	0.968590	0.856542
347	0.031339	0.000063	0.000001	0.000000	0.000000	0.000000	0.000000	0.000004	0.000002	0.968591	0.856542
348	0.031339	0.000063	0.000001	0.000000	0.000000	0.000000	0.000000	0.000003	0.000002	0.968591	0.856542
349	0.031339	0.000063	0.000001	0.000000	0.000000	0.000000	0.000000	0.000003	0.000002	0.968592	0.856542
350	0.031339	0.000063	0.000001	0.000000	0.000000	0.000000	0.000000	0.000003	0.000002	0.968592	0.856542
351	0.031339	0.000063	0.000001	0.000000	0.000000	0.000000	0.000000	0.000002	0.000002	0.968593	0.856542
352	0.031339	0.000063	0.000001	0.000000	0.000000	0.000000	0.000000	0.000002	0.000001	0.968594	0.856542
353	0.031339	0.000062	0.000001	0.000000	0.000000	0.000000	0.000000	0.000002	0.000001	0.968594	0.856542
354	0.031339	0.000062	0.000000	0.000000	0.000000	0.000000	0.000000	0.000002	0.000001	0.968594	0.856542
355	0.031339	0.000062	0.000000	0.000000	0.000000	0.000000	0.000000	0.000002	0.000001	0.968594	0.856542
356	0.031339	0.000062	0.000000	0.000000	0.000000	0.000000	0.000000	0.000002	0.000001	0.968594	0.856542
357	0.031339	0.000062	0.000000	0.000000	0.000000	0.000000	0.000000	0.000002	0.000001	0.968595	0.856543
358	0.031339	0.000062	0.000000	0.000000	0.000000	0.000000	0.000000	0.000002	0.000001	0.968595	0.856543
359	0.031339	0.000063	0.000000	0.000000	0.000000	0.000000	0.000000	0.000002	0.000001	0.968595	0.856543
360	0.031339	0.000063	0.000000	0.000000	0.000000	0.000000	0.000000	0.000002	0.000001	0.968595	0.856543
361	0.031339	0.000063	0.000000	0.000000	0.000000	0.000000	0.000000	0.000002	0.000001	0.968596	0.856543
362	0.031339	0.000063	0.000000	0.000000	0.000000	0.000000	0.000000	0.000001	0.000000	0.968596	0.856543
363	0.031339	0.000063	0.000000	0.000000	0.000000	0.000000	0.000000	0.000001	0.000000	0.968596	0.856543
364	0.031339	0.000063	0.000000	0.000000	0.000000	0.000000	0.000000	0.000001	0.000000	0.968596	0.856543
365	0.031339	0.000063	0.000000	0.000000	0.000000	0.000000	0.000000	0.000001	0.000000	0.968596	0.856543
366	0.031339	0.000063	0.000000	0.000000	0.000000	0.000000	0.000000	0.000001	0.000000	0.968596	0.856543
367	0.031339	0.000062	0.000000	0.000000	0.000000	0.000000	0.000000	0.000001	0.000000	0.968596	0.856543
368	0.031339	0.000062	0.000000	0.000000	0.000000	0.000000	0.000000	0.000001	0.000000	0.968597	0.856543
369	0.031339	0.000062	0.000000	0.000000	0.000000	0.000000	0.000000	0.000001	0.000000	0.968597	0.856543
370	0.031339	0.000062	0.000000	0.000000	0.000000	0.000000	0.000000	0.000001	0.000000	0.968597	0.856543
371	0.031339	0.000062	0.000000	0.000000	0.000000	0.000000	0.000000	0.000001	0.000000	0.968597	0.856543
372	0.031339	0.000062	0.000000	0.000000	0.000000	0.000000	0.000000	0.000000	0.000000	0.968597	0.856543
373	0.031339	0.000062	0.000000	0.000000	0.000000	0.000000	0.000000	0.000000	0.000000	0.968597	0.856543
374	0.031339	0.000062	0.000000	0.000000	0.000000	0.000000	0.000000	0.000000	0.000000	0.968597	0.856543
375	0.031339	0.000062	0.000000	0.000000	0.000000	0.000000	0.000000	0.000000	0.000000	0.968597	0.856543
376	0.031339	0.000062	0.000000	0.000000	0.000000	0.000000	0.000000	0.000000	0.000000	0.968597	0.856543
377	0.031339	0.000062	0.000000	0.000000	0.000000	0.000000	0.000000	0.000000	0.000000	0.968597	0.856543
378	0.031339	0.000062	0.000000	0.000000	0.000000	0.000000	0.000000	0.000000	0.000000	0.968597	0.856543
379	0.031339	0.000062	0.000000	0.000000	0.000000	0.000000	0.000000	0.000000	0.000000	0.968598	0.856543
380	0.031339	0.000062	0.000000	0.000000	0.000000	0.000000	0.000000	0.000000	0.000000	0.968598	0.856543
381	0.031339	0.000062	0.000000	0.000000	0.000000	0.000000	0.000000	0.000000	0.000000	0.968598	0.856543
382	0.031339	0.000062	0.000000	0.000000	0.000000	0.000000	0.000000	0.000000	0.000000	0.968598	0.856543
383	0.031339	0.000062	0.000000	0.000000	0.000000	0.000000	0.000000	0.000000	0.000000	0.968598	0.856543
384	0.031339	0.000062	0.000000	0.000000	0.000000	0.000000	0.000000	0.000000	0.000000	0.968598	0.856543
385	0.031339	0.000062	0.000000	0.000000	0.000000	0.000000	0.000000	0.000000	0.000000	0.968598	0.856543
386	0.031339	0.000062	0.000000	0.000000	0.000000	0.000000	0.000000	0.000000	0.000000	0.968598	0.856543
387	0.031339	0.000062	0.000000	0.000000	0.000000	0.000000	0.000000	0.000000	0.000000	0.968598	0.856543
