0	0.031373	0.000063	0.000000	0.000000	0.000000	0.000000	0.000000	0.000001	0.000000	0.968563	1.542301
0	0.999999	0.000000	0.000000	0.000000	0.000000	0.000000	0.000000	0.000000	0.000000	0.000000	1.542301
1	0.999999	0.000000	0.000000	0.000000	0.000000	0.000000	0.000000	0.000000	0.000000	0.000000	1.542301
2	0.999999	0.000001	0.000000	0.000000	0.000000	0.000000	0.000000	0.000000	0.000000	0.000000	1.542301
3	0.999998	0.000001	0.000000	0.000000	0.000000	0.000000	0.000000	0.000000	0.000000	0.000000	1.542301
4	0.999998	0.000002	0.000000	0.000000	0.000000	0.000000	0.000000	0.000000	0.000000	0.000000	1.542301
5	0.999998	0.000002	0.000000	0.000000	0.000000	0.000000	0.000000	0.000000	0.000000	0.000000	1.542301
6	0.999997	0.000002	0.000000	0.000000	0.000000	0.000000	0.000000	0.000000	0.000000	0.000000	1.542301
7	0.999997	0.000002	0.000000	0.000000	0.000000	0.000000	0.000000	0.000000	0.000000	0.000000	1.542301
8	0.999997	0.000003	0.000000	0.000000	0.000000	0.000000	0.000000	0.000000	0.000000	0.000000	1.542301
9	0.999996	0.000003	0.000000	0.000000	0.000000	0.000000	0.000000	0.000000	0.000000	0.000000	1.542301
10	0.999996	0.000003	0.000000	0.000000	0.000000	0.000000	0.000000	0.000000	0.000000	0.000000	1.542301
11	0.999995	0.000003	0.000000	0.000000	0.000000	0.000000	0.000000	0.000000	0.000000	0.000000	1.542301
12	0.999995	0.000004	0.000001	0.000000	0.000000	0.000000	0.000000	0.000000	0.000000	0.000000	1.542301
13	0.999995	0.000003	0.000001	0.000000	0.000000	0.000000	0.000000	0.000000	0.000000	0.000001	1.542301
14	0.999994	0.000004	0.000001	0.000000	0.000000	0.000000	0.000000	0.000000	0.000000	0.000001	1.542301
15	0.999994	0.000004	0.000001	0.000000	0.000000	0.000000	0.000000	0.000000	0.000000	0.000001	1.542301
16	0.999993	0.000004	0.000001	0.000000	0.000000	0.000000	0.000000	0.000000	0.000000	0.000001	1.542301
17	0.999992	0.000005	0.000002	0.000000	0.000000	0.000000	0.000000	0.000000	0.000000	0.000001	1.542301
18	0.999991	0.000006	0.000002	0.000000	0.000000	0.000000	0.000000	0.000000	0.000000	0.000001	1.542301
19	0.999990	0.000006	0.000002	0.000000	0.000000	0.000000	0.000000	0.000000	0.000000	0.000001	1.542301
20	0.999989	0.000007	0.000002	0.000000	0.000000	0.000000	0.000000	0.000000	0.000000	0.000001	1.542301
21	0.999988	0.000008	0.000002	0.000000	0.000000	0.000000	0.000000	0.000000	0.000000	0.000001	1.542301
22	0.999986	0.000010	0.000002	0.000000	0.000001	0.000000	0.000000	0.000000	0.000000	0.000001	1.542301
23	0.999984	0.000010	0.000002	0.000000	0.000001	0.000000	0.000000	0.000000	0.000000	0.000001	1.542301
24	0.999982	0.000012	0.000003	0.000000	0.000001	0.000000	0.000000	0.000000	0.000000	0.000001	1.542301
25	0.999980	0.000013	0.000003	0.000001	0.000001	0.000000	0.000000	0.000000	0.000000	0.000001	1.542301
26	0.999977	0.000016	0.000003	0.000001	0.000001	0.000000	0.000000	0.000000	0.000000	0.000002	1.542301
27	0.999974	0.000018	0.000004	0.000001	0.000001	0.000000	0.000000	0.000000	0.000000	0.000002	1.542301
28	0.999972	0.000019	0.000004	0.000001	0.000001	0.000000	0.000000	0.000001	0.000000	0.000002	1.542301
29	0.999968	0.000021	0.000005	0.000001	0.000001	0.000000	0.000000	0.000001	0.000000	0.000003	1.542301
30	0.999965	0.000024	0.000005	0.000000	0.000001	0.000000	0.000000	0.000001	0.000000	0.000003	1.542301
31	0.999962	0.000025	0.000007	0.000000	0.000001	0.000000	0.000000	0.000001	0.000000	0.000003	1.542301
32	0.999959	0.000027	0.000008	0.000001	0.000001	0.000001	0.000000	0.000001	0.000000	0.000004	1.542301
33	0.999953	0.000031	0.000008	0.000001	0.000001	0.000001	0.000000	0.000001	0.000000	0.000004	1.542301
34	0.999948	0.000034	0.000009	0.000001	0.000001	0.000001	0.000000	0.000001	0.000000	0.000004	1.542301
35	0.999942	0.000037	0.000010	0.000001	0.000002	0.000001	0.000000	0.000001	0.000000	0.000005	1.542301
36	0.999937	0.000041	0.000011	0.000002	0.000001	0.000001	0.000000	0.000001	0.000000	0.000005	1.542301
37	0.999929	0.000047	0.000012	0.000002	0.000002	0.000001	0.000000	0.000001	0.000000	0.000006	1.542301
38	0.999921	0.000052	0.000014	0.000001	0.000002	0.000001	0.000000	0.000002	0.000000	0.000007	1.542301
39	0.999912	0.000058	0.000014	0.000002	0.000002	0.000001	0.000000	0.000002	0.000000	0.000008	1.542301
40	0.999904	0.000064	0.000016	0.000003	0.000002	0.000001	0.000000	0.000002	0.000000	0.000009	1.542301
41	0.999894	0.000071	0.000017	0.000003	0.000003	0.000001	0.000000	0.000002	0.000000	0.000010	1.542301
42	0.999882	0.000079	0.000017	0.000003	0.000003	0.000001	0.000000	0.000002	0.000000	0.000011	1.542301
43	0.999870	0.000087	0.000019	0.000004	0.000003	0.000001	0.000001	0.000002	0.000000	0.000012	1.542301
44	0.999858	0.000095	0.000021	0.000004	0.000004	0.000002	0.000001	0.000002	0.000000	0.000013	1.542301
45	0.999846	0.000103	0.000022	0.000005	0.000004	0.000001	0.000001	0.000003	0.000000	0.000015	1.542301
46	0.999827	0.000115	0.000025	0.000005	0.000005	0.000002	0.000001	0.000003	0.000000	0.000017	1.542301
47	0.999810	0.000125	0.000028	0.000005	0.000006	0.000002	0.000001	0.000004	0.000000	0.000019	1.542301
48	0.999793	0.000135	0.000032	0.000005	0.000006	0.000002	0.000001	0.000004	0.000000	0.000022	1.542301
49	0.999771	0.000147	0.000038	0.000006	0.000006	0.000003	0.000001	0.000004	0.000000	0.000024	1.542301
50	0.999746	0.000161	0.000044	0.000006	0.000007	0.000003	0.000000	0.000005	0.000000	0.000027	1.542301
51	0.999718	0.000179	0.000048	0.000008	0.000008	0.000004	0.000001	0.000005	0.000000	0.000029	1.542301
52	0.999687	0.000200	0.000052	0.000007	0.000009	0.000004	0.000001	0.000006	0.000000	0.000033	1.542301
53	0.999649	0.000228	0.000057	0.000009	0.000010	0.000005	0.000001	0.000006	0.000000	0.000036	1.542301
54	0.999613	0.000250	0.000063	0.000011	0.000011	0.000006	0.000001	0.000006	0.000000	0.000040	1.542301
55	0.999564	0.000284	0.000069	0.000012	0.000013	0.000006	0.000001	0.000007	0.000000	0.000044	1.542301
56	0.999521	0.000312	0.000076	0.000013	0.000014	0.000006	0.000002	0.000008	0.000000	0.000049	1.542301
57	0.999467	0.000347	0.000084	0.000015	0.000015	0.000007	0.000002	0.000008	0.000000	0.000054	1.542301
58	0.999413	0.000380	0.000094	0.000018	0.000016	0.000008	0.000001	0.000009	0.000000	0.000060	1.542301
59	0.999348	0.000421	0.000107	0.000019	0.000017	0.000009	0.000003	0.000010	0.000000	0.000067	1.542301
60	0.999275	0.000470	0.000118	0.000019	0.000018	0.000010	0.000003	0.000011	0.000000	0.000076	1.542301
61	0.999197	0.000521	0.000129	0.000022	0.000020	0.000011	0.000003	0.000012	0.000000	0.000083	1.542301
62	0.999113	0.000576	0.000143	0.000024	0.000022	0.000012	0.000004	0.000014	0.000000	0.000093	1.542301
63	0.999017	0.000640	0.000158	0.000025	0.000024	0.000013	0.000004	0.000016	0.000000	0.000103	1.542301
64	0.998917	0.000702	0.000175	0.000029	0.000029	0.000014	0.000004	0.000018	0.000000	0.000113	1.542301
65	0.998796	0.000784	0.000191	0.000032	0.000031	0.000017	0.000005	0.000020	0.000000	0.000124	1.542301
66	0.998664	0.000871	0.000212	0.000035	0.000036	0.000019	0.000004	0.000022	0.000000	0.000137	1.542301
67	0.998515	0.000973	0.000233	0.000037	0.000041	0.000021	0.000004	0.000025	0.000000	0.000151	1.542301
68	0.998358	0.001072	0.000260	0.000041	0.000046	0.000022	0.000006	0.000027	0.000000	0.000169	1.542301
69	0.998183	0.001188	0.000284	0.000048	0.000052	0.000024	0.000006	0.000030	0.000000	0.000186	1.542301
70	0.997977	0.001326	0.000318	0.000053	0.000055	0.000027	0.000005	0.000033	0.000000	0.000206	1.542301
71	0.997752	0.001471	0.000355	0.000058	0.000061	0.000030	0.000007	0.000036	0.000000	0.000229	1.542301
72	0.997508	0.001631	0.000393	0.000066	0.000068	0.000034	0.000008	0.000039	0.000000	0.000252	1.542301
73	0.997228	0.001817	0.000441	0.000072	0.000074	0.000037	0.000009	0.000041	0.000000	0.000280	1.542301
74	0.996927	0.002016	0.000490	0.000082	0.000079	0.000041	0.000011	0.000046	0.000000	0.000309	1.542301
75	0.996599	0.002230	0.000540	0.000092	0.000087	0.000046	0.000014	0.000051	0.000001	0.000342	1.542301
76	0.996224	0.002480	0.000597	0.000098	0.000098	0.000050	0.000014	0.000058	0.000001	0.000381	1.542301
77	0.995822	0.002733	0.000666	0.000108	0.000111	0.000057	0.000017	0.000065	0.000001	0.000420	1.542301
78	0.995369	0.003024	0.000744	0.000117	0.000119	0.000065	0.000019	0.000073	0.000001	0.000470	1.542301
79	0.994867	0.003355	0.000819	0.000133	0.000135	0.000072	0.000019	0.000082	0.000001	0.000517	1.542301
80	0.994310	0.003718	0.000910	0.000147	0.000150	0.000078	0.000020	0.000091	0.000001	0.000575	1.542301
81	0.993699	0.004113	0.001011	0.000165	0.000165	0.000086	0.000022	0.000102	0.000001	0.000636	1.542301
82	0.993019	0.004562	0.001113	0.000186	0.000187	0.000096	0.000024	0.000112	0.000001	0.000699	1.542301
83	0.992269	0.005050	0.001231	0.000210	0.000208	0.000106	0.000028	0.000123	0.000002	0.000774	1.542301
84	0.991444	0.005588	0.001357	0.000233	0.000227	0.000120	0.000031	0.000136	0.000002	0.000861	1.542301
85	0.990524	0.006186	0.001505	0.000259	0.000248	0.000132	0.000038	0.000151	0.000002	0.000955	1.542301
86	0.989504	0.006855	0.001664	0.000281	0.000272	0.000146	0.000041	0.000170	0.000002	0.001065	1.542301
87	0.988390	0.007565	0.001861	0.000303	0.000296	0.000162	0.000043	0.000190	0.000002	0.001187	1.542301
88	0.987128	0.008397	0.002054	0.000336	0.000326	0.000179	0.000049	0.000212	0.000002	0.001317	1.542301
89	0.985750	0.009287	0.002285	0.000368	0.000362	0.000201	0.000055	0.000238	0.000003	0.001452	1.542301
90	0.984235	0.010269	0.002524	0.000416	0.000406	0.000221	0.000061	0.000263	0.000003	0.001602	1.542301
91	0.982527	0.011384	0.002797	0.000457	0.000454	0.000248	0.000062	0.000291	0.000003	0.001777	1.542301
92	0.980663	0.012589	0.003097	0.000514	0.000498	0.000277	0.000064	0.000324	0.000004	0.001972	1.542301
93	0.978623	0.013907	0.003422	0.000579	0.000552	0.000307	0.000074	0.000354	0.000004	0.002178	1.542301
94	0.976344	0.015380	0.003796	0.000639	0.000610	0.000338	0.000082	0.000392	0.000004	0.002415	1.542301
95	0.973838	0.017008	0.004209	0.000698	0.000672	0.000373	0.000092	0.000433	0.000005	0.002673	1.542301
96	0.971078	0.018804	0.004641	0.000777	0.000745	0.000414	0.000103	0.000478	0.000005	0.002954	1.542301
97	0.968038	0.020771	0.005119	0.000859	0.000829	0.000459	0.000114	0.000528	0.000005	0.003276	1.542301
98	0.964696	0.022906	0.005662	0.000954	0.000918	0.000509	0.000131	0.000582	0.000006	0.003636	1.542301
99	0.961006	0.025295	0.006233	0.001057	0.001021	0.000568	0.000139	0.000643	0.000007	0.004031	1.542301
100	0.956936	0.027924	0.006885	0.001161	0.001128	0.000620	0.000152	0.000713	0.000007	0.004476	1.542301
101	0.952499	0.030759	0.007596	0.001282	0.001244	0.000685	0.000169	0.000786	0.000008	0.004972	1.542301
102	0.947657	0.033822	0.008415	0.001412	0.001367	0.000756	0.000188	0.000867	0.000008	0.005508	1.542302
103	0.942312	0.037207	0.009290	0.001559	0.001529	0.000843	0.000211	0.000960	0.000009	0.006080	1.542302
104	0.936418	0.040935	0.010274	0.001706	0.001703	0.000933	0.000228	0.001063	0.000010	0.006731	1.542302
105	0.929998	0.044965	0.011354	0.001892	0.001872	0.001026	0.000257	0.001170	0.000011	0.007455	1.542302
106	0.923042	0.049395	0.012522	0.002083	0.002061	0.001142	0.000279	0.001219	0.000013	0.008245	1.542378
107	0.915578	0.054143	0.013777	0.002299	0.002282	0.001258	0.000307	0.001219	0.000014	0.009124	1.542517
108	0.907424	0.059300	0.015159	0.002545	0.002518	0.001394	0.000346	0.001215	0.000015	0.010084	1.542666
109	0.898550	0.064920	0.016637	0.002800	0.002785	0.001548	0.000375	0.001211	0.000016	0.011157	1.542840
110	0.888952	0.070932	0.018273	0.003086	0.003064	0.001701	0.000415	0.001211	0.000018	0.012349	1.543024
111	0.878580	0.077394	0.020066	0.003388	0.003383	0.001881	0.000449	0.001209	0.000020	0.013631	1.543232
112	0.867336	0.084328	0.022048	0.003723	0.003709	0.002077	0.000498	0.001208	0.000022	0.015052	1.543453
113	0.855274	0.091713	0.024147	0.004084	0.004091	0.002294	0.000551	0.001201	0.000024	0.016621	1.543704
114	0.842273	0.099601	0.026447	0.004490	0.004492	0.002518	0.000620	0.001202	0.000027	0.018330	1.543978
115	0.828352	0.107971	0.028902	0.004931	0.004946	0.002765	0.000681	0.001202	0.000030	0.020218	1.544288
116	0.813449	0.116908	0.031492	0.005418	0.005412	0.003040	0.000729	0.001199	0.000033	0.022321	1.544635
117	0.797516	0.126295	0.034361	0.005952	0.005953	0.003345	0.000795	0.001202	0.000035	0.024547	1.545004
118	0.780564	0.136208	0.037394	0.006519	0.006505	0.003667	0.000888	0.001198	0.000037	0.027020	1.545405
119	0.762638	0.146571	0.040591	0.007117	0.007134	0.004040	0.000946	0.001195	0.000040	0.029728	1.545867
120	0.743663	0.157309	0.044064	0.007753	0.007790	0.004437	0.001032	0.001199	0.000042	0.032709	1.546357
121	0.723729	0.168446	0.047692	0.008430	0.008474	0.004860	0.001145	0.001193	0.000045	0.035985	1.546893
122	0.702761	0.179955	0.051567	0.009147	0.009241	0.005332	0.001250	0.001195	0.000047	0.039505	1.547496
123	0.680845	0.191820	0.055553	0.009916	0.010072	0.005824	0.001356	0.001195	0.000050	0.043369	1.548154
124	0.658039	0.203822	0.059823	0.010715	0.010952	0.006354	0.001477	0.001198	0.000052	0.047567	1.548860
125	0.634447	0.215906	0.064310	0.011619	0.011881	0.006911	0.001580	0.001193	0.000055	0.052096	1.549647
126	0.609979	0.228093	0.069032	0.012536	0.012874	0.007516	0.001705	0.001192	0.000058	0.057016	1.550485
127	0.584797	0.240294	0.073841	0.013570	0.013947	0.008178	0.001831	0.001194	0.000060	0.062288	1.551401
128	0.559071	0.252296	0.078847	0.014613	0.015043	0.008858	0.002000	0.001193	0.000063	0.068015	1.552378
129	0.532793	0.264142	0.083954	0.015685	0.016196	0.009579	0.002153	0.001192	0.000065	0.074242	1.553445
130	0.506143	0.275546	0.089225	0.016863	0.017462	0.010333	0.002283	0.001192	0.000067	0.080886	1.554607
131	0.479207	0.286517	0.094590	0.018020	0.018746	0.011153	0.002468	0.001191	0.000070	0.088039	1.555828
132	0.452177	0.296905	0.100074	0.019161	0.020019	0.011998	0.002617	0.001190	0.000073	0.095786	1.557172
133	0.425145	0.306533	0.105523	0.020425	0.021356	0.012902	0.002803	0.001188	0.000076	0.104050	1.558593
134	0.398294	0.315296	0.111030	0.021712	0.022745	0.013878	0.002961	0.001190	0.000077	0.112818	1.560120
135	0.371680	0.323157	0.116486	0.023012	0.024197	0.014884	0.003156	0.001186	0.000080	0.122162	1.561716
136	0.345579	0.329974	0.121836	0.024294	0.025699	0.015877	0.003342	0.001188	0.000082	0.132129	1.563429
137	0.320118	0.335542	0.127074	0.025624	0.027224	0.016914	0.003497	0.001185	0.000084	0.142737	1.565260
138	0.295314	0.339910	0.132143	0.026962	0.028764	0.018019	0.003694	0.001187	0.000086	0.153921	1.567158
139	0.271352	0.343017	0.137042	0.028287	0.030329	0.019104	0.003869	0.001191	0.000088	0.165720	1.569186
140	0.248395	0.344789	0.141634	0.029577	0.031865	0.020241	0.004101	0.001186	0.000090	0.178121	1.571295
141	0.226454	0.345326	0.145763	0.030840	0.033463	0.021429	0.004285	0.001188	0.000091	0.191160	1.573549
142	0.205746	0.344169	0.149851	0.032058	0.034984	0.022608	0.004480	0.001187	0.000093	0.204825	1.575898
143	0.186197	0.341877	0.153354	0.033298	0.036495	0.023783	0.004637	0.001188	0.000094	0.219076	1.578357
144	0.168078	0.337956	0.156582	0.034361	0.037922	0.024991	0.004816	0.001182	0.000096	0.234015	1.580923
145	0.151260	0.332821	0.159269	0.035404	0.039319	0.026202	0.004969	0.001189	0.000098	0.249469	1.583585
146	0.135793	0.326423	0.161480	0.036365	0.040650	0.027390	0.005130	0.001190	0.000099	0.265479	1.586341
147	0.121731	0.318685	0.163225	0.037282	0.041940	0.028552	0.005271	0.001186	0.000101	0.282028	1.589164
148	0.108908	0.309923	0.164527	0.038049	0.043147	0.029710	0.005388	0.001189	0.000103	0.299057	1.592081
149	0.097357	0.300305	0.165149	0.038795	0.044227	0.030802	0.005510	0.001196	0.000104	0.316555	1.595083
150	0.087088	0.289796	0.165291	0.039427	0.045228	0.031839	0.005641	0.001197	0.000104	0.334388	1.598164
151	0.077935	0.278626	0.164802	0.039949	0.046054	0.032851	0.005715	0.001200	0.000105	0.352762	1.601304
152	0.069959	0.266822	0.163796	0.040283	0.046764	0.033820	0.005797	0.001201	0.000106	0.371452	1.604511
153	0.062864	0.254618	0.162369	0.040449	0.047325	0.034743	0.005876	0.001193	0.000108	0.390455	1.607739
154	0.056800	0.241991	0.160451	0.040596	0.047784	0.035563	0.005941	0.001195	0.000107	0.409572	1.611009
155	0.051569	0.229333	0.157934	0.040548	0.048065	0.036339	0.005977	0.001194	0.000108	0.428933	1.614339
156	0.047013	0.216681	0.155054	0.040286	0.048274	0.036945	0.006000	0.001191	0.000109	0.448448	1.617665
157	0.043173	0.204080	0.151756	0.039935	0.048268	0.037474	0.006028	0.001192	0.000109	0.467985	1.621009
158	0.039872	0.191830	0.147781	0.039597	0.048119	0.037965	0.006024	0.001196	0.000108	0.487505	1.624367
159	0.037184	0.179708	0.143572	0.039167	0.047845	0.038337	0.005966	0.001196	0.000109	0.506917	1.627747
160	0.034938	0.168017	0.138956	0.038535	0.047424	0.038631	0.005906	0.001191	0.000109	0.526293	1.631116
161	0.033036	0.156798	0.134082	0.037750	0.046829	0.038823	0.005838	0.001191	0.000110	0.545544	1.634427
162	0.031477	0.145985	0.129101	0.036820	0.046075	0.038873	0.005787	0.001195	0.000110	0.564577	1.637688
163	0.030202	0.135713	0.123784	0.035924	0.045229	0.038848	0.005717	0.001193	0.000110	0.583279	1.640913
164	0.029221	0.125944	0.118321	0.034894	0.044284	0.038753	0.005649	0.001192	0.000111	0.601630	1.644121
165	0.028490	0.116720	0.112761	0.033781	0.043213	0.038498	0.005523	0.001190	0.000112	0.619713	1.647290
166	0.027873	0.108141	0.107267	0.032563	0.042016	0.038140	0.005382	0.001190	0.000112	0.637317	1.650401
167	0.027403	0.100279	0.101543	0.031335	0.040783	0.037719	0.005236	0.001189	0.000112	0.654402	1.653433
168	0.027057	0.092827	0.096078	0.030048	0.039368	0.037195	0.005079	0.001190	0.000113	0.671046	1.656378
169	0.026813	0.085984	0.090547	0.028726	0.037894	0.036579	0.004962	0.001188	0.000114	0.687193	1.659226
170	0.026652	0.079659	0.085145	0.027362	0.036436	0.035885	0.004832	0.001191	0.000114	0.702723	1.661991
171	0.026600	0.073768	0.079944	0.025967	0.034954	0.035121	0.004657	0.001194	0.000114	0.717683	1.664710
172	0.026614	0.068403	0.074828	0.024630	0.033369	0.034285	0.004503	0.001193	0.000115	0.732061	1.667335
173	0.026628	0.063635	0.069747	0.023296	0.031846	0.033353	0.004384	0.001190	0.000114	0.745806	1.669844
174	0.026726	0.059223	0.064985	0.021930	0.030233	0.032373	0.004211	0.001192	0.000114	0.759013	1.672300
175	0.026864	0.055189	0.060447	0.020637	0.028656	0.031358	0.004036	0.001190	0.000114	0.771509	1.674654
176	0.027021	0.051456	0.056133	0.019393	0.027113	0.030263	0.003902	0.001188	0.000114	0.783417	1.676894
177	0.027216	0.048076	0.052092	0.018180	0.025556	0.029148	0.003711	0.001191	0.000114	0.794715	1.679071
178	0.027420	0.044958	0.048335	0.016975	0.024038	0.028030	0.003536	0.001189	0.000115	0.805405	1.681140
179	0.027627	0.042119	0.044796	0.015855	0.022543	0.026871	0.003369	0.001189	0.000116	0.815514	1.683125
180	0.027838	0.039493	0.041528	0.014812	0.021082	0.025722	0.003192	0.001192	0.000116	0.825023	1.684999
181	0.028033	0.037103	0.038453	0.013735	0.019721	0.024581	0.003050	0.001191	0.000116	0.834017	1.686776
182	0.028258	0.034871	0.035631	0.012734	0.018441	0.023384	0.002922	0.001190	0.000116	0.842453	1.688469
183	0.028496	0.032826	0.033028	0.011805	0.017227	0.022221	0.002774	0.001191	0.000116	0.850317	1.690097
184	0.028741	0.030885	0.030657	0.010953	0.016075	0.021078	0.002625	0.001194	0.000115	0.857677	1.691637
185	0.028973	0.029075	0.028528	0.010163	0.014942	0.019979	0.002470	0.001187	0.000116	0.864567	1.693095
186	0.029195	0.027349	0.026587	0.009426	0.013867	0.018875	0.002341	0.001193	0.000116	0.871052	1.694461
187	0.029429	0.025760	0.024752	0.008757	0.012883	0.017824	0.002207	0.001191	0.000116	0.877081	1.695766
188	0.029646	0.024258	0.023119	0.008152	0.011963	0.016794	0.002077	0.001190	0.000115	0.882686	1.696988
189	0.029847	0.022868	0.021573	0.007605	0.011145	0.015801	0.001964	0.001192	0.000114	0.887890	1.698131
190	0.030048	0.021547	0.020182	0.007061	0.010335	0.014859	0.001845	0.001191	0.000114	0.892817	1.699217
191	0.030229	0.020321	0.018872	0.006594	0.009583	0.013934	0.001751	0.001195	0.000115	0.897407	1.700231
192	0.030432	0.019131	0.017709	0.006127	0.008869	0.013082	0.001637	0.001188	0.000115	0.901709	1.701200
193	0.030606	0.017997	0.016615	0.005694	0.008250	0.012252	0.001562	0.001193	0.000114	0.905717	1.702089
194	0.030787	0.016936	0.015604	0.005307	0.007680	0.011470	0.001437	0.001193	0.000115	0.909471	1.702957
195	0.030931	0.015894	0.014702	0.004956	0.007164	0.010714	0.001368	0.001192	0.000116	0.912962	1.703735
196	0.031074	0.014938	0.013846	0.004647	0.006671	0.010007	0.001286	0.001196	0.000115	0.916220	1.704473
197	0.031194	0.014049	0.013026	0.004349	0.006245	0.009349	0.001214	0.001194	0.000115	0.919267	1.705159
198	0.031314	0.013176	0.012286	0.004068	0.005847	0.008741	0.001158	0.001193	0.000115	0.922100	1.705807
199	0.031448	0.012357	0.011577	0.003834	0.005469	0.008161	0.001072	0.001191	0.000116	0.924774	1.706431
200	0.031561	0.011612	0.010897	0.003601	0.005144	0.007618	0.000990	0.001191	0.000117	0.927267	1.707006
201	0.031654	0.010904	0.010258	0.003371	0.004838	0.007117	0.000930	0.001188	0.000118	0.929622	1.707529
202	0.031736	0.010222	0.009661	0.003188	0.004541	0.006651	0.000874	0.001188	0.000118	0.931821	1.708015
203	0.031811	0.009585	0.009100	0.002989	0.004282	0.006206	0.000814	0.001193	0.000118	0.933903	1.708464
204	0.031888	0.008995	0.008568	0.002815	0.004024	0.005807	0.000747	0.001191	0.000118	0.935847	1.708897
205	0.031942	0.008442	0.008066	0.002641	0.003774	0.005419	0.000700	0.001191	0.000118	0.937707	1.709280
206	0.031988	0.007917	0.007595	0.002498	0.003549	0.005069	0.000648	0.001190	0.000118	0.939429	1.709642
207	0.032032	0.007424	0.007139	0.002349	0.003334	0.004742	0.000613	0.001189	0.000117	0.941062	1.709978
208	0.032067	0.006943	0.006699	0.002221	0.003148	0.004429	0.000585	0.001190	0.000117	0.942599	1.710278
209	0.032106	0.006516	0.006275	0.002108	0.002963	0.004142	0.000542	0.001193	0.000116	0.944038	1.710571
210	0.032133	0.006112	0.005887	0.002003	0.002779	0.003888	0.000503	0.001195	0.000115	0.945384	1.710844
211	0.032153	0.005730	0.005530	0.001872	0.002617	0.003638	0.000468	0.001194	0.000115	0.946684	1.711090
212	0.032182	0.005370	0.005176	0.001752	0.002462	0.003410	0.000440	0.001193	0.000114	0.947900	1.711323
213	0.032192	0.005042	0.004849	0.001642	0.002307	0.003191	0.000418	0.001190	0.000115	0.949055	1.711532
214	0.032205	0.004733	0.004525	0.001540	0.002171	0.002988	0.000393	0.001191	0.000116	0.950138	1.711726
215	0.032209	0.004431	0.004250	0.001458	0.002044	0.002799	0.000367	0.001192	0.000116	0.951134	1.711903
216	0.032225	0.004149	0.003973	0.001362	0.001922	0.002630	0.000336	0.001193	0.000117	0.952092	1.712076
217	0.032227	0.003883	0.003728	0.001283	0.001816	0.002475	0.000317	0.001189	0.000117	0.952965	1.712225
218	0.032218	0.003627	0.003507	0.001196	0.001704	0.002326	0.000298	0.001187	0.000117	0.953821	1.712354
219	0.032210	0.003406	0.003286	0.001106	0.001602	0.002185	0.000278	0.001197	0.000119	0.954611	1.712474
220	0.032212	0.003192	0.003069	0.001031	0.001501	0.002059	0.000254	0.001190	0.000118	0.955373	1.712597
221	0.032204	0.002979	0.002889	0.000966	0.001400	0.001932	0.000233	0.001191	0.000119	0.956086	1.712698
222	0.032188	0.002787	0.002711	0.000902	0.001317	0.001809	0.000225	0.001192	0.000118	0.956751	1.712786
223	0.032174	0.002614	0.002539	0.000840	0.001235	0.001695	0.000213	0.001192	0.000118	0.957380	1.712869
224	0.032158	0.002450	0.002376	0.000791	0.001163	0.001593	0.000196	0.001189	0.000119	0.957965	1.712948
225	0.032134	0.002299	0.002223	0.000753	0.001084	0.001492	0.000190	0.001195	0.000118	0.958511	1.713013
226	0.032116	0.002159	0.002074	0.000710	0.001012	0.001399	0.000184	0.001188	0.000118	0.959041	1.713078
227	0.032102	0.002022	0.001939	0.000664	0.000937	0.001318	0.000164	0.001192	0.000117	0.959544	1.713137
228	0.032086	0.001891	0.001814	0.000621	0.000873	0.001237	0.000150	0.001194	0.000117	0.960018	1.713189
229	0.032064	0.001770	0.001710	0.000572	0.000817	0.001154	0.000148	0.001193	0.000117	0.960453	1.713233
230	0.032042	0.001669	0.001601	0.000530	0.000766	0.001079	0.000134	0.001189	0.000117	0.960871	1.713278
231	0.032020	0.001564	0.001497	0.000495	0.000715	0.001011	0.000128	0.001193	0.000116	0.961261	1.713310
232	0.032003	0.001455	0.001408	0.000467	0.000668	0.000950	0.000115	0.001191	0.000115	0.961629	1.713343
233	0.031975	0.001370	0.001308	0.000439	0.000634	0.000890	0.000108	0.001192	0.000116	0.961969	1.713365
234	0.031948	0.001284	0.001224	0.000415	0.000590	0.000840	0.000102	0.001190	0.000115	0.962290	1.713383
235	0.031921	0.001205	0.001136	0.000396	0.000553	0.000792	0.000094	0.001187	0.000114	0.962601	1.713398
236	0.031890	0.001128	0.001058	0.000371	0.000520	0.000742	0.000086	0.001193	0.000113	0.962901	1.713405
237	0.031858	0.001060	0.000986	0.000346	0.000482	0.000697	0.000086	0.001192	0.000112	0.963181	1.713412
238	0.031829	0.000991	0.000923	0.000320	0.000454	0.000652	0.000083	0.001191	0.000110	0.963446	1.713416
239	0.031798	0.000930	0.000869	0.000300	0.000429	0.000612	0.000076	0.001191	0.000109	0.963687	1.713419
240	0.031769	0.000875	0.000815	0.000276	0.000404	0.000570	0.000072	0.001184	0.000109	0.963925	1.713421
241	0.031744	0.000817	0.000767	0.000250	0.000381	0.000533	0.000068	0.001178	0.000108	0.964152	1.713423
242	0.031716	0.000775	0.000712	0.000240	0.000356	0.000501	0.000061	0.001172	0.000108	0.964360	1.713426
243	0.031692	0.000725	0.000670	0.000224	0.000331	0.000468	0.000061	0.001161	0.000107	0.964561	1.713428
244	0.031670	0.000683	0.000623	0.000212	0.000310	0.000440	0.000057	0.001144	0.000106	0.964757	1.713430
245	0.031648	0.000643	0.000580	0.000200	0.000292	0.000412	0.000052	0.001129	0.000105	0.964939	1.713433
246	0.031629	0.000605	0.000540	0.000192	0.000274	0.000388	0.000045	0.001112	0.000106	0.965110	1.713435
247	0.031609	0.000569	0.000505	0.000180	0.000254	0.000365	0.000042	0.001094	0.000105	0.965275	1.713436
248	0.031595	0.000534	0.000474	0.000166	0.000240	0.000341	0.000040	0.001072	0.000104	0.965433	1.713439
249	0.031579	0.000504	0.000443	0.000158	0.000223	0.000322	0.000040	0.001048	0.000103	0.965582	1.713441
250	0.031565	0.000474	0.000416	0.000143	0.000206	0.000303	0.000037	0.001025	0.000102	0.965731	1.713443
251	0.031551	0.000451	0.000393	0.000125	0.000190	0.000282	0.000036	0.001001	0.000100	0.965872	1.713446
252	0.031538	0.000430	0.000363	0.000117	0.000176	0.000263	0.000033	0.000977	0.000100	0.966002	1.713448
253	0.031527	0.000410	0.000339	0.000108	0.000167	0.000247	0.000029	0.000952	0.000098	0.966123	1.713450
254	0.031518	0.000388	0.000314	0.000100	0.000159	0.000228	0.000030	0.000922	0.000099	0.966242	1.713451
255	0.031508	0.000367	0.000296	0.000093	0.000149	0.000214	0.000025	0.000896	0.000097	0.966355	1.713453
256	0.031500	0.000347	0.000276	0.000088	0.000138	0.000198	0.000024	0.000870	0.000096	0.966462	1.713456
257	0.031492	0.000328	0.000258	0.000086	0.000129	0.000185	0.000023	0.000842	0.000094	0.966563	1.713458
258	0.031485	0.000313	0.000237	0.000085	0.000121	0.000175	0.000021	0.000815	0.000092	0.966656	1.713460
259	0.031478	0.000298	0.000220	0.000079	0.000113	0.000162	0.000020	0.000787	0.000092	0.966753	1.713462
260	0.031470	0.000285	0.000205	0.000076	0.000107	0.000150	0.000020	0.000756	0.000090	0.966842	1.713464
261	0.031463	0.000272	0.000194	0.000069	0.000100	0.000141	0.000018	0.000728	0.000089	0.966926	1.713466
262	0.031457	0.000261	0.000179	0.000064	0.000094	0.000132	0.000018	0.000703	0.000087	0.967006	1.713468
263	0.031453	0.000249	0.000169	0.000057	0.000088	0.000124	0.000016	0.000675	0.000085	0.967084	1.713470
264	0.031447	0.000237	0.000163	0.000052	0.000081	0.000115	0.000015	0.000651	0.000084	0.967155	1.713472
265	0.031443	0.000226	0.000153	0.000051	0.000075	0.000108	0.000014	0.000624	0.000081	0.967225	1.713475
266	0.031438	0.000217	0.000142	0.000049	0.000071	0.000101	0.000011	0.000597	0.000081	0.967293	1.713477
267	0.031433	0.000209	0.000135	0.000047	0.000063	0.000095	0.000011	0.000567	0.000079	0.967360	1.713478
268	0.031429	0.000200	0.000127	0.000045	0.000060	0.000089	0.000009	0.000541	0.000078	0.967424	1.713480
269	0.031425	0.000195	0.000117	0.000039	0.000055	0.000084	0.000008	0.000516	0.000076	0.967483	1.713482
270	0.031423	0.000186	0.000109	0.000038	0.000052	0.000080	0.000010	0.000489	0.000075	0.967537	1.713483
271	0.031422	0.000179	0.000103	0.000035	0.000048	0.000074	0.000009	0.000464	0.000072	0.967594	1.713486
272	0.031420	0.000171	0.000099	0.000030	0.000046	0.000068	0.000008	0.000439	0.000071	0.967649	1.713488
273	0.031417	0.000164	0.000094	0.000028	0.000042	0.000063	0.000008	0.000414	0.000071	0.967698	1.713489
274	0.031413	0.000160	0.000087	0.000027	0.000040	0.000059	0.000009	0.000393	0.000069	0.967742	1.713491
275	0.031411	0.000153	0.000084	0.000025	0.000039	0.000056	0.000007	0.000371	0.000068	0.967784	1.713492
276	0.031409	0.000148	0.000079	0.000025	0.000036	0.000052	0.000007	0.000351	0.000067	0.967825	1.713493
277	0.031408	0.000145	0.000072	0.000025	0.000033	0.000050	0.000007	0.000332	0.000066	0.967863	1.713495
278	0.031406	0.000138	0.000071	0.000021	0.000029	0.000046	0.000007	0.000312	0.000064	0.967904	1.713497
279	0.031405	0.000133	0.000067	0.000021	0.000029	0.000043	0.000005	0.000294	0.000063	0.967940	1.713498
280	0.031404	0.000130	0.000063	0.000019	0.000027	0.000041	0.000005	0.000273	0.000062	0.967976	1.713500
281	0.031402	0.000126	0.000060	0.000019	0.000027	0.000038	0.000004	0.000255	0.000061	0.968009	1.713501
282	0.031401	0.000123	0.000053	0.000018	0.000025	0.000036	0.000005	0.000237	0.000060	0.968042	1.713501
283	0.031400	0.000120	0.000050	0.000017	0.000023	0.000033	0.000005	0.000224	0.000058	0.968070	1.713502
284	0.031398	0.000120	0.000045	0.000016	0.000022	0.000031	0.000004	0.000210	0.000057	0.968097	1.713504
285	0.031398	0.000115	0.000044	0.000015	0.000021	0.000029	0.000004	0.000199	0.000055	0.968122	1.713506
286	0.031397	0.000112	0.000042	0.000014	0.000020	0.000028	0.000003	0.000185	0.000052	0.968147	1.713507
287	0.031396	0.000110	0.000038	0.000013	0.000019	0.000025	0.000003	0.000171	0.000051	0.968172	1.713508
288	0.031395	0.000109	0.000036	0.000013	0.000018	0.000025	0.000002	0.000160	0.000049	0.968193	1.713509
289	0.031394	0.000106	0.000035	0.000012	0.000017	0.000023	0.000002	0.000148	0.000047	0.968216	1.713510
290	0.031394	0.000104	0.000033	0.000010	0.000016	0.000022	0.000003	0.000139	0.000046	0.968234	1.713512
291	0.031394	0.000102	0.000032	0.000009	0.000014	0.000020	0.000003	0.000130	0.000044	0.968252	1.713513
292	0.031394	0.000099	0.000030	0.000009	0.000013	0.000020	0.000003	0.000123	0.000042	0.968267	1.713513
293	0.031393	0.000096	0.000030	0.000008	0.000012	0.000018	0.000003	0.000117	0.000041	0.968281	1.713514
294	0.031394	0.000094	0.000027	0.000008	0.000012	0.000017	0.000002	0.000110	0.000039	0.968296	1.713516
295	0.031394	0.000092	0.000025	0.000008	0.000011	0.000017	0.000002	0.000103	0.000037	0.968310	1.713517
296	0.031395	0.000091	0.000024	0.000007	0.000010	0.000016	0.000002	0.000097	0.000036	0.968323	1.713518
297	0.031394	0.000089	0.000024	0.000008	0.000009	0.000015	0.000002	0.000090	0.000034	0.968335	1.713518
298	0.031394	0.000087	0.000024	0.000006	0.000009	0.000014	0.000001	0.000085	0.000033	0.968348	1.713519
299	0.031394	0.000086	0.000022	0.000006	0.000008	0.000014	0.000001	0.000079	0.000032	0.968358	1.713520
300	0.031393	0.000085	0.000020	0.000006	0.000008	0.000012	0.000002	0.000073	0.000031	0.968369	1.713521
301	0.031393	0.000085	0.000018	0.000005	0.000008	0.000012	0.000002	0.000068	0.000030	0.968379	1.713521
302	0.031393	0.000083	0.000017	0.000006	0.000008	0.000011	0.000002	0.000064	0.000029	0.968388	1.713522
303	0.031393	0.000081	0.000016	0.000005	0.000008	0.000010	0.000001	0.000060	0.000028	0.968397	1.713523
304	0.031393	0.000081	0.000016	0.000005	0.000008	0.000009	0.000001	0.000056	0.000028	0.968405	1.713523
305	0.031393	0.000079	0.000015	0.000004	0.000007	0.000008	0.000001	0.000052	0.000026	0.968413	1.713524
306	0.031394	0.000078	0.000014	0.000004	0.000007	0.000008	0.000001	0.000048	0.000025	0.968421	1.713525
307	0.031393	0.000078	0.000012	0.000004	0.000006	0.000008	0.000001	0.000046	0.000025	0.968428	1.713525
308	0.031394	0.000077	0.000011	0.000005	0.000005	0.000008	0.000001	0.000042	0.000023	0.968434	1.713526
309	0.031394	0.000077	0.000010	0.000005	0.000005	0.000008	0.000000	0.000041	0.000022	0.968439	1.713527
310	0.031394	0.000076	0.000010	0.000004	0.000005	0.000007	0.000000	0.000038	0.000021	0.968444	1.713527
311	0.031394	0.000075	0.000010	0.000004	0.000005	0.000007	0.000001	0.000035	0.000019	0.968450	1.713528
312	0.031395	0.000075	0.000009	0.000003	0.000004	0.000006	0.000001	0.000033	0.000017	0.968457	1.713529
313	0.031394	0.000074	0.000008	0.000002	0.000004	0.000006	0.000001	0.000032	0.000017	0.968461	1.713529
314	0.031395	0.000074	0.000008	0.000002	0.000004	0.000006	0.000001	0.000030	0.000016	0.968465	1.713530
315	0.031395	0.000073	0.000007	0.000002	0.000004	0.000006	0.000001	0.000029	0.000015	0.968469	1.713530
316	0.031395	0.000073	0.000007	0.000002	0.000003	0.000005	0.000000	0.000028	0.000015	0.968473	1.713531
317	0.031395	0.000072	0.000007	0.000002	0.000003	0.000005	0.000000	0.000026	0.000014	0.968476	1.713531
318	0.031395	0.000072	0.000006	0.000002	0.000002	0.000005	0.000000	0.000024	0.000013	0.968479	1.713531
319	0.031395	0.000072	0.000006	0.000001	0.000002	0.000004	0.000000	0.000023	0.000013	0.968482	1.713531
320	0.031396	0.000071	0.000006	0.000002	0.000002	0.000004	0.000000	0.000021	0.000012	0.968486	1.713532
321	0.031396	0.000071	0.000006	0.000002	0.000002	0.000004	0.000000	0.000020	0.000011	0.968489	1.713533
322	0.031396	0.000070	0.000005	0.000002	0.000002	0.000004	0.000000	0.000018	0.000010	0.968492	1.713533
323	0.031397	0.000070	0.000005	0.000002	0.000002	0.000003	0.000001	0.000016	0.000009	0.968495	1.713534
324	0.031397	0.000070	0.000004	0.000002	0.000002	0.000003	0.000000	0.000015	0.000009	0.968499	1.713534
325	0.031397	0.000070	0.000004	0.000002	0.000002	0.000003	0.000000	0.000014	0.000009	0.968500	1.713534
326	0.031397	0.000069	0.000004	0.000002	0.000002	0.000002	0.000000	0.000013	0.000008	0.968503	1.713535
327	0.031397	0.000069	0.000003	0.000001	0.000002	0.000002	0.000000	0.000012	0.000008	0.968505	1.713535
328	0.031398	0.000069	0.000003	0.000001	0.000002	0.000002	0.000000	0.000012	0.000007	0.968507	1.713535
329	0.031398	0.000069	0.000003	0.000001	0.000002	0.000002	0.000000	0.000011	0.000006	0.968509	1.713536
330	0.031398	0.000068	0.000003	0.000001	0.000002	0.000001	0.000000	0.000010	0.000006	0.968510	1.713536
331	0.031398	0.000069	0.000002	0.000001	0.000002	0.000001	0.000000	0.000010	0.000006	0.968511	1.713536
332	0.031398	0.000068	0.000002	0.000001	0.000001	0.000001	0.000000	0.000010	0.000005	0.968513	1.713536
333	0.031398	0.000068	0.000002	0.000001	0.000001	0.000001	0.000000	0.000009	0.000005	0.968514	1.713536
334	0.031398	0.000067	0.000003	0.000000	0.000001	0.000001	0.000000	0.000009	0.000005	0.968516	1.713537
335	0.031398	0.000067	0.000003	0.000000	0.000001	0.000001	0.000000	0.000008	0.000005	0.968517	1.713537
336	0.031398	0.000067	0.000002	0.000000	0.000001	0.000001	0.000000	0.000008	0.000004	0.968518	1.713537
337	0.031398	0.000067	0.000002	0.000001	0.000001	0.000001	0.000000	0.000007	0.000004	0.968519	1.713537
338	0.031398	0.000067	0.000002	0.000000	0.000001	0.000001	0.000000	0.000007	0.000004	0.968520	1.713537
339	0.031398	0.000067	0.000001	0.000000	0.000001	0.000001	0.000000	0.000007	0.000004	0.968520	1.713537
340	0.031399	0.000067	0.000001	0.000001	0.000001	0.000001	0.000000	0.000006	0.000003	0.968521	1.713537
341	0.031399	0.000067	0.000001	0.000000	0.000001	0.000001	0.000000	0.000006	0.000003	0.968522	1.713537
342	0.031399	0.000067	0.000001	0.000000	0.000001	0.000001	0.000000	0.000006	0.000003	0.968523	1.713537
343	0.031399	0.000067	0.000001	0.000000	0.000001	0.000001	0.000000	0.000006	0.000003	0.968523	1.713537
344	0.031399	0.000067	0.000001	0.000000	0.000001	0.000001	0.000000	0.000006	0.000003	0.968524	1.713537
345	0.031399	0.000066	0.000001	0.000000	0.000001	0.000001	0.000000	0.000005	0.000003	0.968524	1.713537
346	0.031399	0.000066	0.000001	0.000000	0.000000	0.000001	0.000000	0.000005	0.000003	0.968525	1.713537
347	0.031399	0.000066	0.000001	0.000000	0.000000	0.000000	0.000000	0.000005	0.000002	0.968526	1.713537
348	0.031399	0.000066	0.000001	0.000000	0.000000	0.000001	0.000000	0.000005	0.000002	0.968526	1.713537
349	0.031399	0.000066	0.000000	0.000000	0.000000	0.000001	0.000000	0.000004	0.000002	0.968527	1.713538
350	0.031399	0.000066	0.000000	0.000000	0.000000	0.000001	0.000000	0.000004	0.000002	0.968527	1.713538
351	0.031399	0.000067	0.000000	0.000000	0.000000	0.000001	0.000000	0.000004	0.000002	0.968528	1.713538
352	0.031399	0.000067	0.000000	0.000000	0.000000	0.000001	0.000000	0.000004	0.000002	0.968528	1.713538
353	0.031399	0.000066	0.000000	0.000000	0.000000	0.000000	0.000000	0.000003	0.000002	0.968529	1.713538
354	0.031399	0.000066	0.000001	0.000000	0.000000	0.000000	0.000000	0.000003	0.000002	0.968529	1.713538
355	0.031399	0.000066	0.000001	0.000000	0.000000	0.000000	0.000000	0.000003	0.000001	0.968529	1.713538
356	0.031399	0.000066	0.000001	0.000000	0.000000	0.000000	0.000000	0.000003	0.000001	0.968529	1.713538
357	0.031399	0.000066	0.000000	0.000000	0.000000	0.000000	0.000000	0.000003	0.000001	0.968530	1.713538
358	0.031399	0.000066	0.000000	0.000000	0.000000	0.000000	0.000000	0.000002	0.000001	0.968530	1.713538
359	0.031399	0.000066	0.000000	0.000000	0.000000	0.000000	0.000000	0.000002	0.000001	0.968530	1.713538
360	0.031399	0.000066	0.000000	0.000000	0.000000	0.000000	0.000000	0.000002	0.000001	0.968530	1.713538
361	0.031399	0.000066	0.000000	0.000000	0.000000	0.000000	0.000000	0.000002	0.000001	0.968531	1.713538
362	0.031399	0.000066	0.000000	0.000000	0.000000	0.000000	0.000000	0.000002	0.000001	0.968531	1.713538
363	0.031399	0.000066	0.000000	0.000000	0.000000	0.000000	0.000000	0.000002	0.000001	0.968531	1.713538
364	0.031399	0.000066	0.000000	0.000000	0.000000	0.000000	0.000000	0.000002	0.000001	0.968531	1.713538
365	0.031399	0.000066	0.000000	0.000000	0.000000	0.000000	0.000000	0.000002	0.000001	0.968531	1.713538
366	0.031399	0.000066	0.000000	0.000000	0.000000	0.000000	0.000000	0.000002	0.000001	0.968531	1.713538
367	0.031399	0.000066	0.000000	0.000000	0.000000	0.000000	0.000000	0.000002	0.000001	0.968532	1.713538
368	0.031399	0.000066	0.000000	0.000000	0.000000	0.000000	0.000000	0.000002	0.000001	0.968532	1.713538
369	0.031399	0.000066	0.000000	0.000000	0.000000	0.000000	0.000000	0.000002	0.000001	0.968532	1.713538
370	0.031399	0.000066	0.000000	0.000000	0.000000	0.000000	0.000000	0.000001	0.000001	0.968532	1.713538
371	0.031399	0.000066	0.000000	0.000000	0.000000	0.000000	0.000000	0.000001	0.000001	0.968533	1.713538
372	0.031399	0.000066	0.000000	0.000000	0.000000	0.000000	0.000000	0.000001	0.000001	0.968533	1.713538
373	0.031399	0.000066	0.000000	0.000000	0.000000	0.000000	0.000000	0.000001	0.000000	0.968533	1.713539
374	0.031399	0.000066	0.000000	0.000000	0.000000	0.000000	0.000000	0.000001	0.000000	0.968533	1.713539
375	0.031399	0.000066	0.000000	0.000000	0.000000	0.000000	0.000000	0.000001	0.000000	0.968533	1.713539
376	0.031399	0.000066	0.000000	0.000000	0.000000	0.000000	0.000000	0.000001	0.000000	0.968533	1.713539
377	0.031399	0.000066	0.000000	0.000000	0.000000	0.000000	0.000000	0.000001	0.000000	0.968533	1.713539
378	0.031399	0.000066	0.000000	0.000000	0.000000	0.000000	0.000000	0.000001	0.000000	0.968533	1.713539
379	0.031399	0.000066	0.000000	0.000000	0.000000	0.000000	0.000000	0.000001	0.000000	0.968534	1.713539
380	0.031399	0.000066	0.000000	0.000000	0.000000	0.000000	0.000000	0.000001	0.000000	0.968534	1.713539
381	0.031399	0.000066	0.000000	0.000000	0.000000	0.000000	0.000000	0.000000	0.000000	0.968534	1.713539
382	0.031399	0.000066	0.000000	0.000000	0.000000	0.000000	0.000000	0.000000	0.000000	0.968534	1.713539
383	0.031399	0.000066	0.000000	0.000000	0.000000	0.000000	0.000000	0.000000	0.000000	0.968534	1.713539
384	0.031399	0.000066	0.000000	0.000000	0.000000	0.000000	0.000000	0.000000	0.000000	0.968534	1.713539
385	0.031399	0.000066	0.000000	0.000000	0.000000	0.000000	0.000000	0.000000	0.000000	0.968534	1.713539
386	0.031399	0.000066	0.000000	0.000000	0.000000	0.000000	0.000000	0.000000	0.000000	0.968534	1.713539
387	0.031399	0.000066	0.000000	0.000000	0.000000	0.000000	0.000000	0.000000	0.000000	0.968535	1.713539
