0	0.031548	0.000062	0.000000	0.000000	0.000000	0.000000	0.000000	0.000000	0.000000	0.968389	1.370930
0	0.999999	0.000000	0.000000	0.000000	0.000000	0.000000	0.000000	0.000000	0.000000	0.000000	1.370930
1	0.999999	0.000000	0.000000	0.000000	0.000000	0.000000	0.000000	0.000000	0.000000	0.000000	1.370930
2	0.999998	0.000001	0.000000	0.000000	0.000000	0.000000	0.000000	0.000000	0.000000	0.000000	1.370930
3	0.999998	0.000001	0.000000	0.000000	0.000000	0.000000	0.000000	0.000000	0.000000	0.000000	1.370930
4	0.999998	0.000001	0.000000	0.000000	0.000000	0.000000	0.000000	0.000000	0.000000	0.000000	1.370930
5	0.999998	0.000002	0.000000	0.000000	0.000000	0.000000	0.000000	0.000000	0.000000	0.000000	1.370930
6	0.999998	0.000001	0.000000	0.000000	0.000000	0.000000	0.000000	0.000000	0.000000	0.000000	1.370930
7	0.999998	0.000002	0.000000	0.000000	0.000000	0.000000	0.000000	0.000000	0.000000	0.000000	1.370930
8	0.999997	0.000002	0.000000	0.000000	0.000000	0.000000	0.000000	0.000000	0.000000	0.000000	1.370930
9	0.999997	0.000002	0.000000	0.000000	0.000000	0.000000	0.000000	0.000000	0.000000	0.000000	1.370930
10	0.999997	0.000002	0.000001	0.000000	0.000000	0.000000	0.000000	0.000000	0.000000	0.000000	1.370930
11	0.999996	0.000002	0.000001	0.000000	0.000000	0.000000	0.000000	0.000000	0.000000	0.000000	1.370930
12	0.999996	0.000003	0.000001	0.000000	0.000000	0.000000	0.000000	0.000000	0.000000	0.000000	1.370930
13	0.999995	0.000003	0.000001	0.000000	0.000000	0.000000	0.000000	0.000000	0.000000	0.000000	1.370930
14	0.999995	0.000004	0.000001	0.000000	0.000000	0.000000	0.000000	0.000000	0.000000	0.000001	1.370930
15	0.999994	0.000004	0.000001	0.000000	0.000000	0.000000	0.000000	0.000000	0.000000	0.000001	1.370930
16	0.999994	0.000004	0.000001	0.000000	0.000000	0.000000	0.000000	0.000000	0.000000	0.000001	1.370930
17	0.999993	0.000005	0.000001	0.000000	0.000000	0.000000	0.000000	0.000000	0.000000	0.000001	1.370930
18	0.999992	0.000005	0.000001	0.000000	0.000000	0.000000	0.000000	0.000000	0.000000	0.000001	1.370930
19	0.999992	0.000005	0.000001	0.000000	0.000000	0.000000	0.000000	0.000000	0.000000	0.000001	1.370930
20	0.999991	0.000006	0.000001	0.000000	0.000000	0.000000	0.000000	0.000000	0.000000	0.000001	1.370930
21	0.999990	0.000007	0.000001	0.000000	0.000000	0.000000	0.000000	0.000000	0.000000	0.000001	1.370930
22	0.999989	0.000008	0.000001	0.000000	0.000000	0.000000	0.000000	0.000000	0.000000	0.000001	1.370930
23	0.999988	0.000008	0.000002	0.000000	0.000000	0.000000	0.000000	0.000000	0.000000	0.000001	1.370930
24	0.999988	0.000008	0.000002	0.000000	0.000000	0.000000	0.000000	0.000000	0.000000	0.000002	1.370930
25	0.999986	0.000009	0.000002	0.000000	0.000000	0.000000	0.000000	0.000000	0.000000	0.000002	1.370930
26	0.999985	0.000010	0.000003	0.000000	0.000000	0.000000	0.000000	0.000000	0.000000	0.000002	1.370930
27	0.999983	0.000011	0.000002	0.000001	0.000000	0.000000	0.000000	0.000000	0.000000	0.000002	1.370930
28	0.999982	0.000012	0.000003	0.000001	0.000000	0.000000	0.000000	0.000000	0.000000	0.000002	1.370930
29	0.999981	0.000012	0.000004	0.000001	0.000000	0.000000	0.000000	0.000000	0.000000	0.000002	1.370930
30	0.999978	0.000014	0.000003	0.000001	0.000000	0.000000	0.000000	0.000000	0.000000	0.000002	1.370930
31	0.999976	0.000016	0.000004	0.000001	0.000000	0.000000	0.000000	0.000000	0.000000	0.000002	1.370930
32	0.999974	0.000017	0.000004	0.000001	0.000001	0.000000	0.000000	0.000000	0.000000	0.000003	1.370930
33	0.999971	0.000019	0.000004	0.000001	0.000001	0.000000	0.000000	0.000000	0.000000	0.000003	1.370930
34	0.999968	0.000021	0.000005	0.000001	0.000001	0.000000	0.000000	0.000000	0.000000	0.000004	1.370930
35	0.999964	0.000024	0.000005	0.000001	0.000001	0.000000	0.000000	0.000000	0.000000	0.000004	1.370930
36	0.999960	0.000026	0.000006	0.000001	0.000001	0.000000	0.000000	0.000000	0.000000	0.000005	1.370930
37	0.999956	0.000029	0.000006	0.000001	0.000001	0.000000	0.000000	0.000001	0.000000	0.000005	1.370930
38	0.999952	0.000031	0.000007	0.000001	0.000002	0.000000	0.000000	0.000001	0.000000	0.000006	1.370930
39	0.999948	0.000034	0.000008	0.000001	0.000002	0.000000	0.000000	0.000001	0.000000	0.000007	1.370930
40	0.999942	0.000038	0.000009	0.000001	0.000002	0.000000	0.000000	0.000001	0.000000	0.000007	1.370930
41	0.999937	0.000040	0.000010	0.000001	0.000002	0.000000	0.000000	0.000001	0.000000	0.000008	1.370930
42	0.999929	0.000046	0.000011	0.000002	0.000002	0.000000	0.000000	0.000001	0.000000	0.000008	1.370930
43	0.999921	0.000050	0.000012	0.000002	0.000003	0.000001	0.000000	0.000001	0.000000	0.000008	1.370930
44	0.999912	0.000057	0.000014	0.000003	0.000002	0.000001	0.000001	0.000001	0.000000	0.000010	1.370930
45	0.999903	0.000063	0.000015	0.000003	0.000003	0.000001	0.000001	0.000001	0.000000	0.000011	1.370930
46	0.999892	0.000072	0.000016	0.000003	0.000002	0.000001	0.000001	0.000002	0.000000	0.000012	1.370930
47	0.999880	0.000078	0.000019	0.000003	0.000003	0.000001	0.000000	0.000002	0.000000	0.000013	1.370930
48	0.999867	0.000088	0.000021	0.000003	0.000003	0.000002	0.000001	0.000002	0.000000	0.000014	1.370930
49	0.999852	0.000098	0.000024	0.000003	0.000003	0.000002	0.000001	0.000003	0.000000	0.000015	1.370930
50	0.999835	0.000109	0.000025	0.000004	0.000004	0.000002	0.000000	0.000003	0.000000	0.000017	1.370930
51	0.999818	0.000121	0.000028	0.000005	0.000004	0.000002	0.000000	0.000003	0.000000	0.000019	1.370930
52	0.999800	0.000132	0.000031	0.000005	0.000004	0.000003	0.000001	0.000003	0.000000	0.000020	1.370930
53	0.999778	0.000147	0.000036	0.000006	0.000004	0.000003	0.000001	0.000004	0.000000	0.000022	1.370930
54	0.999757	0.000159	0.000040	0.000006	0.000005	0.000003	0.000000	0.000004	0.000000	0.000025	1.370930
55	0.999731	0.000176	0.000044	0.000007	0.000006	0.000004	0.000001	0.000004	0.000000	0.000027	1.370930
56	0.999701	0.000196	0.000048	0.000008	0.000007	0.000004	0.000001	0.000005	0.000000	0.000030	1.370930
57	0.999670	0.000216	0.000053	0.000010	0.000008	0.000005	0.000001	0.000005	0.000000	0.000033	1.370930
58	0.999636	0.000238	0.000056	0.000012	0.000009	0.000006	0.000002	0.000005	0.000000	0.000036	1.370930
59	0.999593	0.000268	0.000063	0.000013	0.000011	0.000006	0.000001	0.000006	0.000000	0.000040	1.370930
60	0.999548	0.000297	0.000069	0.000013	0.000012	0.000007	0.000001	0.000006	0.000000	0.000045	1.370930
61	0.999498	0.000330	0.000078	0.000014	0.000013	0.000007	0.000002	0.000007	0.000000	0.000050	1.370930
62	0.999442	0.000364	0.000088	0.000015	0.000015	0.000008	0.000003	0.000008	0.000000	0.000056	1.370930
63	0.999379	0.000405	0.000099	0.000017	0.000017	0.000009	0.000002	0.000009	0.000000	0.000063	1.370930
64	0.999313	0.000448	0.000110	0.000020	0.000019	0.000010	0.000002	0.000010	0.000000	0.000069	1.370930
65	0.999236	0.000500	0.000123	0.000022	0.000019	0.000010	0.000002	0.000011	0.000000	0.000076	1.370930
66	0.999149	0.000558	0.000136	0.000025	0.000023	0.000012	0.000003	0.000012	0.000000	0.000083	1.370930
67	0.999058	0.000619	0.000149	0.000026	0.000025	0.000013	0.000003	0.000013	0.000000	0.000093	1.370930
68	0.998961	0.000680	0.000168	0.000028	0.000029	0.000014	0.000003	0.000015	0.000000	0.000101	1.370930
69	0.998846	0.000755	0.000187	0.000029	0.000032	0.000016	0.000004	0.000016	0.000000	0.000115	1.370930
70	0.998720	0.000838	0.000206	0.000034	0.000037	0.000018	0.000004	0.000018	0.000000	0.000125	1.370930
71	0.998577	0.000935	0.000224	0.000038	0.000042	0.000020	0.000005	0.000020	0.000000	0.000138	1.370930
72	0.998424	0.001033	0.000252	0.000040	0.000043	0.000023	0.000005	0.000023	0.000000	0.000156	1.370930
73	0.998255	0.001146	0.000281	0.000044	0.000049	0.000026	0.000004	0.000025	0.000000	0.000171	1.370930
74	0.998066	0.001269	0.000309	0.000051	0.000054	0.000028	0.000005	0.000027	0.000000	0.000190	1.370930
75	0.997852	0.001411	0.000342	0.000056	0.000060	0.000031	0.000007	0.000029	0.000000	0.000210	1.370930
76	0.997622	0.001560	0.000378	0.000064	0.000064	0.000035	0.000008	0.000033	0.000001	0.000235	1.370930
77	0.997363	0.001732	0.000420	0.000067	0.000068	0.000041	0.000009	0.000037	0.000001	0.000263	1.370930
78	0.997086	0.001912	0.000465	0.000073	0.000075	0.000045	0.000011	0.000041	0.000001	0.000291	1.370930
79	0.996766	0.002122	0.000513	0.000086	0.000083	0.000052	0.000012	0.000047	0.000001	0.000320	1.370930
80	0.996420	0.002348	0.000566	0.000094	0.000094	0.000055	0.000012	0.000052	0.000001	0.000357	1.370930
81	0.996030	0.002601	0.000634	0.000106	0.000099	0.000061	0.000013	0.000059	0.000001	0.000397	1.370930
82	0.995602	0.002882	0.000697	0.000117	0.000110	0.000068	0.000016	0.000066	0.000001	0.000441	1.370930
83	0.995133	0.003180	0.000776	0.000134	0.000123	0.000077	0.000018	0.000073	0.000001	0.000485	1.370930
84	0.994596	0.003531	0.000865	0.000141	0.000137	0.000086	0.000018	0.000083	0.000001	0.000541	1.370930
85	0.994023	0.003897	0.000959	0.000161	0.000154	0.000095	0.000021	0.000092	0.000001	0.000597	1.370930
86	0.993373	0.004328	0.001061	0.000178	0.000168	0.000105	0.000022	0.000102	0.000001	0.000663	1.370930
87	0.992648	0.004803	0.001172	0.000201	0.000189	0.000115	0.000027	0.000113	0.000001	0.000730	1.370930
88	0.991859	0.005319	0.001298	0.000223	0.000208	0.000125	0.000027	0.000128	0.000001	0.000813	1.370930
89	0.990982	0.005892	0.001436	0.000240	0.000229	0.000137	0.000032	0.000143	0.000001	0.000908	1.370930
90	0.990024	0.006515	0.001591	0.000264	0.000253	0.000149	0.000037	0.000156	0.000001	0.001009	1.370930
91	0.988960	0.007211	0.001765	0.000292	0.000279	0.000163	0.000038	0.000175	0.000001	0.001117	1.370930
92	0.987796	0.007957	0.001955	0.000326	0.000313	0.000180	0.000041	0.000195	0.000002	0.001236	1.370930
93	0.986482	0.008814	0.002168	0.000353	0.000348	0.000200	0.000045	0.000215	0.000002	0.001373	1.370930
94	0.985052	0.009734	0.002395	0.000394	0.000387	0.000223	0.000052	0.000238	0.000002	0.001522	1.370930
95	0.983434	0.010793	0.002653	0.000432	0.000428	0.000245	0.000061	0.000263	0.000002	0.001688	1.370930
96	0.981661	0.011950	0.002934	0.000481	0.000472	0.000268	0.000069	0.000290	0.000002	0.001873	1.370930
97	0.979716	0.013222	0.003231	0.000534	0.000522	0.000297	0.000078	0.000325	0.000002	0.002073	1.370930
98	0.977583	0.014588	0.003592	0.000595	0.000574	0.000330	0.000080	0.000363	0.000003	0.002293	1.370930
99	0.975206	0.016127	0.003958	0.000665	0.000639	0.000364	0.000093	0.000403	0.000003	0.002541	1.370930
100	0.972569	0.017824	0.004392	0.000724	0.000711	0.000402	0.000102	0.000452	0.000004	0.002821	1.370930
101	0.969675	0.019707	0.004855	0.000792	0.000790	0.000444	0.000113	0.000501	0.000004	0.003117	1.370930
102	0.966556	0.021702	0.005365	0.000875	0.000883	0.000491	0.000123	0.000559	0.000005	0.003443	1.370930
103	0.963036	0.023987	0.005924	0.000967	0.000973	0.000539	0.000136	0.000620	0.000005	0.003812	1.370930
104	0.959181	0.026442	0.006564	0.001087	0.001075	0.000599	0.000147	0.000689	0.000006	0.004209	1.370930
105	0.954954	0.029168	0.007231	0.001200	0.001188	0.000667	0.000165	0.000761	0.000007	0.004660	1.370930
106	0.950318	0.032121	0.007982	0.001340	0.001307	0.000740	0.000183	0.000844	0.000007	0.005157	1.370930
107	0.945199	0.035404	0.008816	0.001469	0.001441	0.000813	0.000197	0.000935	0.000009	0.005717	1.370930
108	0.939641	0.038910	0.009745	0.001622	0.001595	0.000897	0.000222	0.001028	0.000010	0.006330	1.370930
109	0.933488	0.042799	0.010776	0.001794	0.001757	0.000990	0.000248	0.001133	0.000011	0.007005	1.370930
110	0.926840	0.047040	0.011834	0.001974	0.001943	0.001097	0.000270	0.001218	0.000013	0.007772	1.370961
111	0.919701	0.051609	0.013019	0.002183	0.002154	0.001208	0.000304	0.001220	0.000014	0.008588	1.371092
112	0.911906	0.056544	0.014359	0.002408	0.002385	0.001338	0.000329	0.001217	0.000015	0.009499	1.371243
113	0.903376	0.061956	0.015796	0.002657	0.002644	0.001472	0.000369	0.001215	0.000017	0.010498	1.371409
114	0.894169	0.067744	0.017366	0.002945	0.002924	0.001624	0.000400	0.001212	0.000019	0.011597	1.371592
115	0.884190	0.074002	0.019079	0.003243	0.003209	0.001781	0.000437	0.001208	0.000021	0.012830	1.371788
116	0.873404	0.080682	0.020954	0.003564	0.003543	0.001965	0.000470	0.001204	0.000023	0.014191	1.372005
117	0.861760	0.087843	0.023016	0.003921	0.003866	0.002166	0.000518	0.001200	0.000025	0.015686	1.372232
118	0.849220	0.095512	0.025181	0.004306	0.004259	0.002405	0.000575	0.001200	0.000026	0.017316	1.372483
119	0.835715	0.103720	0.027542	0.004738	0.004667	0.002637	0.000636	0.001200	0.000029	0.019116	1.372763
120	0.821314	0.112382	0.030071	0.005167	0.005129	0.002892	0.000714	0.001199	0.000032	0.021099	1.373076
121	0.805914	0.121552	0.032787	0.005641	0.005640	0.003186	0.000766	0.001203	0.000034	0.023278	1.373436
122	0.789505	0.131209	0.035747	0.006144	0.006183	0.003485	0.000842	0.001201	0.000036	0.025648	1.373827
123	0.772137	0.141294	0.038859	0.006732	0.006772	0.003827	0.000923	0.001198	0.000038	0.028220	1.374267
124	0.753735	0.151847	0.042148	0.007331	0.007406	0.004207	0.001015	0.001202	0.000040	0.031068	1.374737
125	0.734360	0.162745	0.045700	0.008027	0.008092	0.004606	0.001101	0.001200	0.000043	0.034127	1.375265
126	0.713974	0.173990	0.049500	0.008748	0.008826	0.005029	0.001194	0.001192	0.000046	0.037501	1.375847
127	0.692610	0.185620	0.053435	0.009522	0.009635	0.005495	0.001294	0.001198	0.000048	0.041142	1.376475
128	0.670301	0.197464	0.057622	0.010334	0.010506	0.005983	0.001401	0.001195	0.000050	0.045145	1.377158
129	0.646986	0.209605	0.062001	0.011151	0.011429	0.006535	0.001513	0.001196	0.000053	0.049532	1.377895
130	0.622912	0.221849	0.066497	0.012050	0.012376	0.007122	0.001657	0.001196	0.000055	0.054286	1.378693
131	0.598124	0.234007	0.071284	0.013028	0.013436	0.007728	0.001779	0.001194	0.000058	0.059363	1.379580
132	0.572665	0.246049	0.076303	0.013997	0.014489	0.008398	0.001911	0.001193	0.000060	0.064933	1.380540
133	0.546599	0.258014	0.081388	0.015051	0.015619	0.009112	0.002064	0.001192	0.000063	0.070897	1.381568
134	0.520125	0.269701	0.086559	0.016212	0.016779	0.009871	0.002206	0.001188	0.000065	0.077294	1.382684
135	0.493292	0.280933	0.091887	0.017356	0.018062	0.010641	0.002361	0.001188	0.000067	0.084212	1.383870
136	0.466352	0.291570	0.097276	0.018567	0.019350	0.011474	0.002541	0.001189	0.000068	0.091613	1.385135
137	0.439321	0.301563	0.102738	0.019784	0.020699	0.012336	0.002714	0.001187	0.000071	0.099587	1.386506
138	0.412393	0.310687	0.108293	0.021050	0.022048	0.013263	0.002895	0.001193	0.000074	0.108104	1.387971
139	0.385648	0.319087	0.113709	0.022323	0.023484	0.014224	0.003069	0.001187	0.000076	0.117192	1.389545
140	0.359240	0.326500	0.119120	0.023592	0.024948	0.015238	0.003262	0.001182	0.000079	0.126840	1.391216
141	0.333281	0.332827	0.124459	0.024928	0.026448	0.016307	0.003428	0.001188	0.000081	0.137053	1.392983
142	0.308022	0.337896	0.129610	0.026295	0.027978	0.017405	0.003628	0.001188	0.000083	0.147896	1.394852
143	0.283567	0.341868	0.134492	0.027583	0.029524	0.018493	0.003791	0.001186	0.000084	0.159413	1.396853
144	0.260023	0.344354	0.139293	0.028829	0.031072	0.019619	0.003999	0.001186	0.000086	0.171538	1.398922
145	0.237499	0.345565	0.143727	0.030124	0.032627	0.020741	0.004192	0.001185	0.000089	0.184251	1.401107
146	0.216143	0.345236	0.147921	0.031388	0.034166	0.021950	0.004368	0.001186	0.000092	0.197550	1.403412
147	0.196115	0.343419	0.151761	0.032624	0.035704	0.023115	0.004534	0.001189	0.000093	0.211444	1.405826
148	0.177329	0.340266	0.155128	0.033799	0.037184	0.024322	0.004693	0.001187	0.000095	0.225998	1.408343
149	0.159779	0.335807	0.158030	0.034939	0.038604	0.025508	0.004895	0.001191	0.000097	0.241150	1.410909
150	0.143655	0.329958	0.160578	0.035940	0.039977	0.026709	0.005011	0.001190	0.000097	0.256885	1.413627
151	0.128799	0.323051	0.162487	0.036899	0.041305	0.027885	0.005143	0.001195	0.000098	0.273137	1.416417
152	0.115309	0.314847	0.163968	0.037722	0.042511	0.029058	0.005335	0.001187	0.000101	0.289962	1.419269
153	0.103139	0.305683	0.164900	0.038442	0.043649	0.030173	0.005451	0.001192	0.000103	0.307270	1.422251
154	0.092249	0.295493	0.165346	0.039092	0.044612	0.031279	0.005579	0.001194	0.000104	0.325052	1.425277
155	0.082527	0.284552	0.165230	0.039577	0.045586	0.032300	0.005730	0.001197	0.000105	0.343197	1.428359
156	0.073973	0.273006	0.164570	0.039976	0.046392	0.033309	0.005790	0.001197	0.000104	0.361683	1.431547
157	0.066465	0.261092	0.163254	0.040302	0.047061	0.034230	0.005846	0.001195	0.000105	0.380451	1.434791
158	0.059875	0.248761	0.161557	0.040493	0.047600	0.035089	0.005885	0.001196	0.000106	0.399439	1.438059
159	0.054164	0.236146	0.159378	0.040518	0.047952	0.035878	0.005926	0.001191	0.000107	0.418740	1.441353
160	0.049266	0.223428	0.156581	0.040427	0.048180	0.036583	0.006032	0.001189	0.000108	0.438205	1.444650
161	0.045103	0.210819	0.153364	0.040182	0.048260	0.037200	0.006019	0.001190	0.000109	0.457752	1.448020
162	0.041551	0.198299	0.149724	0.039887	0.048237	0.037737	0.006039	0.001192	0.000111	0.477222	1.451376
163	0.038597	0.186002	0.145799	0.039389	0.047984	0.038176	0.005967	0.001192	0.000112	0.496782	1.454753
164	0.036058	0.173987	0.141592	0.038742	0.047577	0.038513	0.005923	0.001188	0.000112	0.516308	1.458081
165	0.033962	0.162574	0.136854	0.038062	0.047084	0.038691	0.005847	0.001193	0.000111	0.535621	1.461420
166	0.032249	0.151463	0.131963	0.037285	0.046412	0.038831	0.005784	0.001194	0.000111	0.554708	1.464717
167	0.030814	0.140869	0.126753	0.036445	0.045701	0.038903	0.005733	0.001199	0.000111	0.573473	1.467960
168	0.029685	0.130860	0.121401	0.035430	0.044804	0.038811	0.005654	0.001191	0.000110	0.592053	1.471180
169	0.028762	0.121423	0.115872	0.034427	0.043756	0.038635	0.005565	0.001194	0.000111	0.610255	1.474337
170	0.028034	0.112523	0.110350	0.033260	0.042579	0.038387	0.005471	0.001188	0.000113	0.628096	1.477434
171	0.027509	0.104267	0.104651	0.032050	0.041372	0.037969	0.005347	0.001196	0.000114	0.645526	1.480489
172	0.027157	0.096511	0.099013	0.030863	0.040064	0.037483	0.005204	0.001192	0.000112	0.662402	1.483506
173	0.026891	0.089345	0.093544	0.029482	0.038674	0.036890	0.005065	0.001191	0.000112	0.678805	1.486421
174	0.026708	0.082694	0.088138	0.028063	0.037221	0.036283	0.004916	0.001192	0.000113	0.694672	1.489254
175	0.026577	0.076635	0.082707	0.026735	0.035737	0.035524	0.004825	0.001190	0.000113	0.709956	1.492003
176	0.026559	0.071130	0.077446	0.025384	0.034187	0.034751	0.004649	0.001191	0.000114	0.724589	1.494694
177	0.026601	0.066012	0.072418	0.024020	0.032587	0.033848	0.004489	0.001190	0.000114	0.738720	1.497302
178	0.026695	0.061376	0.067549	0.022692	0.030957	0.032938	0.004272	0.001191	0.000115	0.752214	1.499826
179	0.026800	0.057213	0.062845	0.021333	0.029413	0.031922	0.004084	0.001190	0.000116	0.765084	1.502231
180	0.026912	0.053343	0.058434	0.020024	0.027829	0.030883	0.003925	0.001191	0.000116	0.777344	1.504532
181	0.027045	0.049787	0.054241	0.018811	0.026277	0.029769	0.003808	0.001192	0.000116	0.788955	1.506719
182	0.027255	0.046526	0.050296	0.017603	0.024814	0.028645	0.003616	0.001193	0.000116	0.799937	1.508852
183	0.027448	0.043558	0.046616	0.016463	0.023347	0.027508	0.003465	0.001188	0.000117	0.810290	1.510865
184	0.027657	0.040824	0.043163	0.015339	0.021896	0.026342	0.003317	0.001193	0.000117	0.820151	1.512797
185	0.027895	0.038330	0.039968	0.014306	0.020520	0.025181	0.003124	0.001186	0.000117	0.829372	1.514660
186	0.028083	0.036043	0.036986	0.013293	0.019197	0.024033	0.002982	0.001191	0.000116	0.838076	1.516389
187	0.028335	0.033897	0.034276	0.012335	0.017889	0.022902	0.002809	0.001190	0.000116	0.846252	1.518064
188	0.028562	0.031938	0.031819	0.011375	0.016668	0.021736	0.002660	0.001190	0.000117	0.853936	1.519636
189	0.028771	0.030074	0.029562	0.010528	0.015518	0.020593	0.002552	0.001194	0.000117	0.861092	1.521101
190	0.029002	0.028308	0.027506	0.009762	0.014396	0.019486	0.002404	0.001191	0.000118	0.867828	1.522511
191	0.029244	0.026631	0.025643	0.009047	0.013385	0.018391	0.002282	0.001192	0.000118	0.874067	1.523852
192	0.029493	0.025075	0.023873	0.008474	0.012420	0.017356	0.002154	0.001193	0.000118	0.879843	1.525120
193	0.029718	0.023616	0.022296	0.007873	0.011513	0.016356	0.002052	0.001192	0.000117	0.885268	1.526311
194	0.029948	0.022235	0.020819	0.007324	0.010719	0.015391	0.001900	0.001193	0.000119	0.890351	1.527446
195	0.030135	0.020929	0.019533	0.006785	0.009929	0.014475	0.001791	0.001192	0.000119	0.895112	1.528491
196	0.030317	0.019702	0.018281	0.006302	0.009233	0.013589	0.001704	0.001191	0.000120	0.899561	1.529459
197	0.030525	0.018527	0.017142	0.005856	0.008593	0.012735	0.001613	0.001190	0.000121	0.903698	1.530392
198	0.030693	0.017447	0.016130	0.005446	0.007991	0.011906	0.001509	0.001191	0.000121	0.907569	1.531272
199	0.030852	0.016420	0.015156	0.005082	0.007449	0.011106	0.001443	0.001190	0.000119	0.911182	1.532090
200	0.031025	0.015415	0.014278	0.004755	0.006954	0.010383	0.001329	0.001193	0.000120	0.914549	1.532874
201	0.031163	0.014481	0.013457	0.004452	0.006494	0.009710	0.001246	0.001191	0.000120	0.917686	1.533594
202	0.031293	0.013595	0.012670	0.004186	0.006058	0.009065	0.001167	0.001191	0.000119	0.920656	1.534267
203	0.031404	0.012759	0.011926	0.003948	0.005660	0.008469	0.001103	0.001192	0.000119	0.923421	1.534887
204	0.031523	0.011977	0.011231	0.003722	0.005307	0.007891	0.001025	0.001195	0.000119	0.926009	1.535482
205	0.031631	0.011242	0.010577	0.003501	0.004983	0.007364	0.000952	0.001190	0.000119	0.928440	1.536037
206	0.031715	0.010565	0.009936	0.003309	0.004690	0.006877	0.000896	0.001195	0.000119	0.930698	1.536542
207	0.031803	0.009908	0.009358	0.003087	0.004406	0.006420	0.000836	0.001189	0.000120	0.932874	1.537019
208	0.031855	0.009310	0.008800	0.002910	0.004153	0.005989	0.000790	0.001196	0.000119	0.934879	1.537450
209	0.031921	0.008742	0.008280	0.002725	0.003906	0.005587	0.000730	0.001192	0.000120	0.936797	1.537865
210	0.031985	0.008200	0.007798	0.002550	0.003670	0.005219	0.000679	0.001191	0.000120	0.938589	1.538246
211	0.032033	0.007693	0.007332	0.002408	0.003462	0.004893	0.000629	0.001190	0.000118	0.940241	1.538598
212	0.032068	0.007223	0.006874	0.002285	0.003250	0.004573	0.000592	0.001191	0.000119	0.941824	1.538917
213	0.032096	0.006770	0.006458	0.002150	0.003069	0.004271	0.000564	0.001196	0.000118	0.943309	1.539211
214	0.032122	0.006344	0.006072	0.002031	0.002879	0.003997	0.000534	0.001190	0.000118	0.944712	1.539488
215	0.032152	0.005955	0.005664	0.001925	0.002723	0.003748	0.000489	0.001192	0.000119	0.946032	1.539750
216	0.032173	0.005582	0.005326	0.001801	0.002542	0.003512	0.000457	0.001192	0.000120	0.947295	1.539983
217	0.032195	0.005230	0.005002	0.001693	0.002387	0.003301	0.000427	0.001188	0.000119	0.948458	1.540205
218	0.032200	0.004896	0.004713	0.001588	0.002238	0.003093	0.000394	0.001188	0.000119	0.949570	1.540399
219	0.032205	0.004586	0.004432	0.001479	0.002102	0.002898	0.000370	0.001190	0.000119	0.950618	1.540581
220	0.032210	0.004291	0.004167	0.001392	0.001974	0.002718	0.000343	0.001191	0.000120	0.951594	1.540748
221	0.032200	0.004032	0.003882	0.001309	0.001873	0.002546	0.000335	0.001189	0.000120	0.952513	1.540897
222	0.032203	0.003770	0.003644	0.001221	0.001756	0.002403	0.000305	0.001190	0.000120	0.953389	1.541042
223	0.032190	0.003538	0.003410	0.001142	0.001644	0.002255	0.000287	0.001184	0.000120	0.954230	1.541167
224	0.032175	0.003314	0.003203	0.001076	0.001538	0.002120	0.000267	0.001194	0.000119	0.954994	1.541281
225	0.032170	0.003104	0.002993	0.001018	0.001445	0.002005	0.000241	0.001193	0.000120	0.955712	1.541396
226	0.032159	0.002904	0.002800	0.000961	0.001359	0.001886	0.000228	0.001193	0.000120	0.956391	1.541494
227	0.032147	0.002717	0.002625	0.000902	0.001279	0.001765	0.000220	0.001192	0.000121	0.957031	1.541581
228	0.032137	0.002542	0.002464	0.000850	0.001196	0.001648	0.000203	0.001197	0.000121	0.957641	1.541665
229	0.032125	0.002385	0.002304	0.000793	0.001121	0.001550	0.000190	0.001192	0.000119	0.958221	1.541743
230	0.032103	0.002234	0.002169	0.000735	0.001049	0.001455	0.000183	0.001191	0.000119	0.958762	1.541808
231	0.032090	0.002105	0.002020	0.000692	0.000980	0.001372	0.000163	0.001192	0.000120	0.959267	1.541872
232	0.032071	0.001969	0.001892	0.000650	0.000921	0.001284	0.000152	0.001194	0.000119	0.959748	1.541924
233	0.032046	0.001847	0.001781	0.000601	0.000858	0.001206	0.000144	0.001186	0.000120	0.960210	1.541973
234	0.032016	0.001735	0.001655	0.000569	0.000807	0.001128	0.000144	0.001190	0.000118	0.960638	1.542006
235	0.031997	0.001625	0.001545	0.000533	0.000752	0.001062	0.000134	0.001189	0.000118	0.961045	1.542042
236	0.031969	0.001521	0.001458	0.000496	0.000697	0.001003	0.000122	0.001193	0.000118	0.961424	1.542071
237	0.031949	0.001425	0.001362	0.000463	0.000656	0.000942	0.000116	0.001195	0.000116	0.961775	1.542101
238	0.031926	0.001332	0.001280	0.000428	0.000620	0.000883	0.000105	0.001194	0.000116	0.962116	1.542127
239	0.031898	0.001243	0.001200	0.000407	0.000577	0.000830	0.000100	0.001188	0.000117	0.962439	1.542146
240	0.031867	0.001161	0.001124	0.000380	0.000541	0.000782	0.000097	0.001188	0.000117	0.962743	1.542154
241	0.031834	0.001085	0.001062	0.000350	0.000501	0.000731	0.000094	0.001192	0.000117	0.963034	1.542160
242	0.031811	0.001022	0.000984	0.000330	0.000470	0.000690	0.000082	0.001193	0.000117	0.963301	1.542172
243	0.031782	0.000957	0.000912	0.000313	0.000447	0.000649	0.000079	0.001192	0.000116	0.963554	1.542177
244	0.031751	0.000902	0.000851	0.000286	0.000421	0.000611	0.000076	0.001193	0.000114	0.963796	1.542180
245	0.031723	0.000847	0.000792	0.000267	0.000395	0.000573	0.000072	0.001190	0.000113	0.964028	1.542183
246	0.031696	0.000797	0.000745	0.000257	0.000365	0.000537	0.000066	0.001185	0.000111	0.964242	1.542186
247	0.031671	0.000754	0.000694	0.000243	0.000341	0.000499	0.000061	0.001178	0.000109	0.964451	1.542189
248	0.031648	0.000713	0.000646	0.000222	0.000319	0.000466	0.000059	0.001172	0.000107	0.964647	1.542192
249	0.031628	0.000671	0.000604	0.000205	0.000300	0.000435	0.000053	0.001160	0.000108	0.964836	1.542194
250	0.031612	0.000624	0.000567	0.000198	0.000281	0.000404	0.000050	0.001146	0.000106	0.965013	1.542196
251	0.031592	0.000586	0.000532	0.000185	0.000263	0.000379	0.000047	0.001126	0.000105	0.965186	1.542199
252	0.031574	0.000555	0.000495	0.000175	0.000245	0.000353	0.000041	0.001111	0.000103	0.965349	1.542201
253	0.031558	0.000522	0.000465	0.000160	0.000227	0.000330	0.000041	0.001091	0.000101	0.965506	1.542203
254	0.031544	0.000493	0.000435	0.000152	0.000211	0.000308	0.000041	0.001065	0.000100	0.965651	1.542206
255	0.031530	0.000468	0.000402	0.000141	0.000195	0.000287	0.000039	0.001042	0.000098	0.965797	1.542209
256	0.031518	0.000441	0.000374	0.000132	0.000182	0.000269	0.000034	0.001020	0.000097	0.965934	1.542210
257	0.031505	0.000420	0.000346	0.000123	0.000169	0.000252	0.000033	0.000989	0.000096	0.966067	1.542212
258	0.031494	0.000399	0.000321	0.000113	0.000159	0.000236	0.000029	0.000965	0.000095	0.966188	1.542214
259	0.031484	0.000377	0.000301	0.000106	0.000150	0.000221	0.000023	0.000937	0.000094	0.966308	1.542216
260	0.031474	0.000358	0.000280	0.000099	0.000138	0.000210	0.000024	0.000904	0.000092	0.966421	1.542218
261	0.031467	0.000340	0.000262	0.000088	0.000133	0.000196	0.000022	0.000874	0.000091	0.966527	1.542220
262	0.031460	0.000320	0.000247	0.000084	0.000123	0.000184	0.000022	0.000843	0.000089	0.966628	1.542223
263	0.031453	0.000304	0.000234	0.000075	0.000113	0.000174	0.000020	0.000810	0.000089	0.966729	1.542224
264	0.031446	0.000288	0.000216	0.000073	0.000106	0.000163	0.000021	0.000779	0.000088	0.966820	1.542226
265	0.031437	0.000275	0.000203	0.000070	0.000100	0.000151	0.000018	0.000753	0.000087	0.966906	1.542227
266	0.031431	0.000261	0.000191	0.000066	0.000095	0.000141	0.000017	0.000725	0.000086	0.966988	1.542229
267	0.031427	0.000248	0.000178	0.000061	0.000087	0.000129	0.000017	0.000698	0.000084	0.967069	1.542231
268	0.031421	0.000237	0.000169	0.000057	0.000082	0.000119	0.000016	0.000670	0.000082	0.967146	1.542232
269	0.031414	0.000227	0.000160	0.000055	0.000077	0.000111	0.000014	0.000642	0.000082	0.967219	1.542233
270	0.031409	0.000215	0.000151	0.000052	0.000073	0.000104	0.000013	0.000612	0.000082	0.967289	1.542234
271	0.031406	0.000203	0.000143	0.000047	0.000069	0.000097	0.000012	0.000587	0.000081	0.967355	1.542236
272	0.031404	0.000195	0.000135	0.000041	0.000065	0.000092	0.000011	0.000562	0.000079	0.967418	1.542239
273	0.031400	0.000188	0.000128	0.000037	0.000061	0.000086	0.000010	0.000536	0.000078	0.967475	1.542241
274	0.031398	0.000180	0.000121	0.000036	0.000058	0.000080	0.000009	0.000507	0.000077	0.967533	1.542243
275	0.031396	0.000171	0.000114	0.000035	0.000055	0.000074	0.000009	0.000481	0.000077	0.967587	1.542245
276	0.031391	0.000168	0.000105	0.000034	0.000051	0.000071	0.000008	0.000457	0.000075	0.967641	1.542246
277	0.031388	0.000162	0.000093	0.000034	0.000049	0.000067	0.000008	0.000432	0.000074	0.967693	1.542247
278	0.031386	0.000156	0.000090	0.000030	0.000046	0.000061	0.000007	0.000411	0.000072	0.967740	1.542249
279	0.031383	0.000150	0.000083	0.000030	0.000043	0.000058	0.000007	0.000387	0.000071	0.967787	1.542250
280	0.031381	0.000145	0.000078	0.000027	0.000040	0.000056	0.000007	0.000366	0.000071	0.967829	1.542252
281	0.031380	0.000140	0.000074	0.000026	0.000037	0.000053	0.000006	0.000344	0.000070	0.967871	1.542253
282	0.031379	0.000135	0.000068	0.000025	0.000036	0.000049	0.000005	0.000324	0.000068	0.967911	1.542255
283	0.031378	0.000131	0.000063	0.000025	0.000033	0.000047	0.000005	0.000303	0.000066	0.967949	1.542257
284	0.031376	0.000126	0.000060	0.000022	0.000030	0.000044	0.000005	0.000285	0.000064	0.967987	1.542258
285	0.031376	0.000123	0.000054	0.000020	0.000029	0.000039	0.000006	0.000269	0.000063	0.968021	1.542260
286	0.031374	0.000121	0.000051	0.000018	0.000027	0.000037	0.000005	0.000252	0.000062	0.968054	1.542261
287	0.031372	0.000117	0.000049	0.000017	0.000026	0.000034	0.000004	0.000235	0.000061	0.968085	1.542262
288	0.031371	0.000115	0.000046	0.000014	0.000023	0.000031	0.000004	0.000223	0.000060	0.968112	1.542263
289	0.031370	0.000112	0.000045	0.000013	0.000020	0.000029	0.000004	0.000206	0.000058	0.968142	1.542264
290	0.031369	0.000109	0.000042	0.000013	0.000020	0.000027	0.000003	0.000194	0.000057	0.968166	1.542265
291	0.031368	0.000107	0.000041	0.000011	0.000018	0.000026	0.000003	0.000181	0.000056	0.968189	1.542266
292	0.031366	0.000105	0.000038	0.000010	0.000017	0.000025	0.000004	0.000169	0.000055	0.968212	1.542267
293	0.031366	0.000104	0.000035	0.000010	0.000015	0.000024	0.000003	0.000160	0.000053	0.968230	1.542268
294	0.031366	0.000101	0.000032	0.000011	0.000015	0.000022	0.000003	0.000148	0.000051	0.968252	1.542270
295	0.031367	0.000097	0.000031	0.000010	0.000014	0.000021	0.000002	0.000137	0.000048	0.968272	1.542271
296	0.031367	0.000094	0.000031	0.000009	0.000012	0.000020	0.000002	0.000128	0.000047	0.968289	1.542272
297	0.031367	0.000092	0.000028	0.000009	0.000013	0.000019	0.000002	0.000121	0.000045	0.968303	1.542274
298	0.031368	0.000090	0.000026	0.000009	0.000012	0.000018	0.000002	0.000114	0.000044	0.968317	1.542275
299	0.031368	0.000089	0.000025	0.000007	0.000012	0.000016	0.000002	0.000107	0.000043	0.968331	1.542276
300	0.031368	0.000088	0.000023	0.000007	0.000012	0.000015	0.000002	0.000100	0.000041	0.968345	1.542277
301	0.031367	0.000087	0.000021	0.000007	0.000011	0.000014	0.000002	0.000093	0.000039	0.968359	1.542278
302	0.031367	0.000086	0.000019	0.000007	0.000011	0.000014	0.000002	0.000087	0.000038	0.968370	1.542279
303	0.031367	0.000084	0.000018	0.000007	0.000011	0.000013	0.000001	0.000082	0.000037	0.968381	1.542280
304	0.031367	0.000083	0.000017	0.000006	0.000010	0.000011	0.000001	0.000076	0.000036	0.968392	1.542281
305	0.031367	0.000082	0.000016	0.000006	0.000009	0.000011	0.000001	0.000072	0.000034	0.968401	1.542281
306	0.031367	0.000082	0.000015	0.000005	0.000008	0.000010	0.000002	0.000066	0.000033	0.968412	1.542282
307	0.031366	0.000081	0.000014	0.000005	0.000007	0.000009	0.000002	0.000062	0.000032	0.968421	1.542282
308	0.031367	0.000080	0.000013	0.000004	0.000006	0.000008	0.000001	0.000057	0.000031	0.968431	1.542283
309	0.031367	0.000078	0.000013	0.000005	0.000007	0.000008	0.000001	0.000053	0.000029	0.968439	1.542284
310	0.031367	0.000077	0.000013	0.000004	0.000006	0.000007	0.000001	0.000050	0.000028	0.968447	1.542285
311	0.031368	0.000076	0.000012	0.000003	0.000006	0.000007	0.000001	0.000047	0.000026	0.968454	1.542286
312	0.031368	0.000075	0.000011	0.000004	0.000005	0.000006	0.000001	0.000043	0.000025	0.968462	1.542287
313	0.031368	0.000075	0.000010	0.000004	0.000005	0.000006	0.000000	0.000040	0.000024	0.968468	1.542288
314	0.031368	0.000074	0.000011	0.000003	0.000004	0.000005	0.000000	0.000037	0.000022	0.968475	1.542288
315	0.031368	0.000073	0.000010	0.000003	0.000004	0.000005	0.000001	0.000035	0.000021	0.968479	1.542289
316	0.031369	0.000072	0.000010	0.000003	0.000004	0.000005	0.000000	0.000033	0.000020	0.968483	1.542290
317	0.031369	0.000072	0.000010	0.000003	0.000004	0.000004	0.000000	0.000030	0.000019	0.968489	1.542290
318	0.031369	0.000071	0.000009	0.000003	0.000004	0.000004	0.000001	0.000028	0.000018	0.968493	1.542291
319	0.031369	0.000071	0.000008	0.000003	0.000004	0.000004	0.000001	0.000026	0.000017	0.968497	1.542292
320	0.031370	0.000071	0.000008	0.000003	0.000003	0.000004	0.000000	0.000023	0.000017	0.968502	1.542292
321	0.031370	0.000070	0.000007	0.000002	0.000003	0.000004	0.000000	0.000022	0.000016	0.968505	1.542293
322	0.031370	0.000070	0.000007	0.000002	0.000003	0.000004	0.000000	0.000021	0.000015	0.968508	1.542293
323	0.031371	0.000070	0.000006	0.000002	0.000003	0.000003	0.000000	0.000020	0.000014	0.968511	1.542294
324	0.031371	0.000070	0.000005	0.000001	0.000004	0.000003	0.000001	0.000018	0.000013	0.968514	1.542295
325	0.031371	0.000069	0.000005	0.000002	0.000004	0.000003	0.000000	0.000017	0.000013	0.968517	1.542295
326	0.031371	0.000069	0.000005	0.000001	0.000003	0.000003	0.000000	0.000016	0.000012	0.968520	1.542295
327	0.031371	0.000068	0.000005	0.000001	0.000003	0.000003	0.000000	0.000015	0.000012	0.968522	1.542295
328	0.031371	0.000068	0.000005	0.000001	0.000002	0.000003	0.000000	0.000014	0.000011	0.968525	1.542296
329	0.031371	0.000068	0.000005	0.000001	0.000002	0.000003	0.000000	0.000013	0.000010	0.968527	1.542296
330	0.031371	0.000067	0.000004	0.000001	0.000002	0.000003	0.000000	0.000012	0.000010	0.968530	1.542296
331	0.031371	0.000067	0.000004	0.000001	0.000002	0.000003	0.000000	0.000012	0.000009	0.968531	1.542296
332	0.031371	0.000067	0.000004	0.000001	0.000001	0.000002	0.000000	0.000011	0.000009	0.968533	1.542297
333	0.031371	0.000067	0.000004	0.000001	0.000001	0.000002	0.000000	0.000011	0.000009	0.968535	1.542297
334	0.031371	0.000067	0.000003	0.000001	0.000001	0.000002	0.000000	0.000010	0.000008	0.968536	1.542297
335	0.031372	0.000067	0.000003	0.000001	0.000001	0.000002	0.000000	0.000010	0.000007	0.968538	1.542297
336	0.031372	0.000066	0.000003	0.000001	0.000001	0.000002	0.000000	0.000009	0.000007	0.968539	1.542298
337	0.031372	0.000066	0.000003	0.000001	0.000001	0.000002	0.000000	0.000009	0.000007	0.968540	1.542298
338	0.031372	0.000065	0.000003	0.000001	0.000001	0.000002	0.000000	0.000008	0.000006	0.968542	1.542298
339	0.031372	0.000066	0.000003	0.000001	0.000001	0.000002	0.000000	0.000008	0.000006	0.968542	1.542298
340	0.031372	0.000065	0.000002	0.000001	0.000001	0.000002	0.000000	0.000007	0.000006	0.968544	1.542298
341	0.031372	0.000066	0.000002	0.000001	0.000001	0.000002	0.000000	0.000007	0.000005	0.968545	1.542298
342	0.031372	0.000066	0.000001	0.000001	0.000001	0.000001	0.000000	0.000006	0.000005	0.968546	1.542299
343	0.031372	0.000066	0.000001	0.000001	0.000001	0.000001	0.000000	0.000006	0.000005	0.968547	1.542299
344	0.031372	0.000065	0.000001	0.000001	0.000001	0.000001	0.000000	0.000005	0.000004	0.968549	1.542299
345	0.031372	0.000065	0.000001	0.000000	0.000001	0.000001	0.000000	0.000005	0.000004	0.968550	1.542299
346	0.031372	0.000065	0.000001	0.000000	0.000001	0.000001	0.000000	0.000004	0.000004	0.968551	1.542300
347	0.031372	0.000065	0.000001	0.000000	0.000001	0.000001	0.000000	0.000004	0.000003	0.968552	1.542300
348	0.031372	0.000065	0.000001	0.000001	0.000001	0.000001	0.000000	0.000004	0.000003	0.968552	1.542300
349	0.031372	0.000065	0.000001	0.000001	0.000001	0.000001	0.000000	0.000004	0.000003	0.968553	1.542300
350	0.031372	0.000065	0.000001	0.000001	0.000001	0.000001	0.000000	0.000004	0.000003	0.968553	1.542300
351	0.031372	0.000065	0.000001	0.000000	0.000001	0.000001	0.000000	0.000003	0.000002	0.968554	1.542300
352	0.031373	0.000064	0.000002	0.000001	0.000001	0.000001	0.000000	0.000003	0.000002	0.968554	1.542300
353	0.031373	0.000064	0.000001	0.000000	0.000000	0.000000	0.000000	0.000003	0.000002	0.968555	1.542300
354	0.031373	0.000064	0.000001	0.000000	0.000000	0.000000	0.000000	0.000003	0.000002	0.968556	1.542300
355	0.031373	0.000064	0.000001	0.000000	0.000000	0.000001	0.000000	0.000003	0.000001	0.968556	1.542301
356	0.031373	0.000064	0.000001	0.000000	0.000000	0.000001	0.000000	0.000003	0.000001	0.968556	1.542301
357	0.031373	0.000064	0.000001	0.000000	0.000000	0.000001	0.000000	0.000003	0.000001	0.968557	1.542301
358	0.031373	0.000064	0.000001	0.000000	0.000001	0.000001	0.000000	0.000003	0.000001	0.968557	1.542301
359	0.031373	0.000064	0.000001	0.000000	0.000001	0.000001	0.000000	0.000002	0.000001	0.968557	1.542301
360	0.031373	0.000064	0.000001	0.000000	0.000001	0.000001	0.000000	0.000002	0.000001	0.968558	1.542301
361	0.031373	0.000064	0.000001	0.000000	0.000001	0.000001	0.000000	0.000002	0.000001	0.968558	1.542301
362	0.031373	0.000064	0.000001	0.000000	0.000001	0.000001	0.000000	0.000002	0.000001	0.968558	1.542301
363	0.031373	0.000064	0.000001	0.000000	0.000001	0.000001	0.000000	0.000002	0.000001	0.968559	1.542301
364	0.031373	0.000063	0.000001	0.000000	0.000000	0.000001	0.000000	0.000002	0.000001	0.968559	1.542301
365	0.031373	0.000063	0.000001	0.000000	0.000000	0.000001	0.000000	0.000002	0.000001	0.968559	1.542301
366	0.031373	0.000063	0.000000	0.000000	0.000001	0.000000	0.000000	0.000002	0.000001	0.968559	1.542301
367	0.031373	0.000063	0.000000	0.000000	0.000001	0.000000	0.000000	0.000002	0.000001	0.968560	1.542301
368	0.031373	0.000064	0.000000	0.000000	0.000001	0.000000	0.000000	0.000001	0.000001	0.968560	1.542301
369	0.031373	0.000063	0.000000	0.000000	0.000000	0.000000	0.000000	0.000001	0.000000	0.968561	1.542301
370	0.031373	0.000063	0.000001	0.000000	0.000000	0.000000	0.000000	0.000001	0.000000	0.968561	1.542301
371	0.031373	0.000063	0.000000	0.000000	0.000000	0.000000	0.000000	0.000001	0.000000	0.968561	1.542301
372	0.031373	0.000063	0.000000	0.000000	0.000000	0.000000	0.000000	0.000001	0.000000	0.968561	1.542301
373	0.031373	0.000063	0.000000	0.000000	0.000000	0.000000	0.000000	0.000001	0.000000	0.968562	1.542301
374	0.031373	0.000063	0.000000	0.000000	0.000000	0.000000	0.000000	0.000001	0.000000	0.968562	1.542301
375	0.031373	0.000063	0.000000	0.000000	0.000000	0.000000	0.000000	0.000001	0.000000	0.968562	1.542301
376	0.031373	0.000063	0.000000	0.000000	0.000000	0.000000	0.000000	0.000001	0.000000	0.968562	1.542301
377	0.031373	0.000063	0.000000	0.000000	0.000000	0.000000	0.000000	0.000001	0.000000	0.968562	1.542301
378	0.031373	0.000063	0.000000	0.000000	0.000000	0.000000	0.000000	0.000001	0.000000	0.968562	1.542301
379	0.031373	0.000063	0.000000	0.000000	0.000000	0.000000	0.000000	0.000001	0.000000	0.968562	1.542301
380	0.031373	0.000063	0.000000	0.000000	0.000000	0.000000	0.000000	0.000001	0.000000	0.968562	1.542301
381	0.031373	0.000063	0.000000	0.000000	0.000000	0.000000	0.000000	0.000001	0.000000	0.968562	1.542301
382	0.031373	0.000063	0.000000	0.000000	0.000000	0.000000	0.000000	0.000001	0.000000	0.968562	1.542301
383	0.031373	0.000063	0.000000	0.000000	0.000000	0.000000	0.000000	0.000001	0.000000	0.968562	1.542301
384	0.031373	0.000063	0.000000	0.000000	0.000000	0.000000	0.000000	0.000001	0.000000	0.968563	1.542301
385	0.031373	0.000063	0.000000	0.000000	0.000000	0.000000	0.000000	0.000001	0.000000	0.968563	1.542301
386	0.031373	0.000063	0.000000	0.000000	0.000000	0.000000	0.000000	0.000001	0.000000	0.968563	1.542301
387	0.031373	0.000063	0.000000	0.000000	0.000000	0.000000	0.000000	0.000001	0.000000	0.968563	1.542301
