0	0.031314	0.000060	0.000000	0.000000	0.000000	0.000000	0.000000	0.000000	0.000000	0.968626	0.342454
0	0.999999	0.000000	0.000000	0.000000	0.000000	0.000000	0.000000	0.000000	0.000000	0.000000	0.342454
1	0.999999	0.000001	0.000000	0.000000	0.000000	0.000000	0.000000	0.000000	0.000000	0.000000	0.342454
2	0.999999	0.000001	0.000000	0.000000	0.000000	0.000000	0.000000	0.000000	0.000000	0.000000	0.342454
3	0.999998	0.000001	0.000000	0.000000	0.000000	0.000000	0.000000	0.000000	0.000000	0.000000	0.342454
4	0.999998	0.000002	0.000000	0.000000	0.000000	0.000000	0.000000	0.000000	0.000000	0.000000	0.342454
5	0.999998	0.000002	0.000000	0.000000	0.000000	0.000000	0.000000	0.000000	0.000000	0.000000	0.342454
6	0.999997	0.000002	0.000000	0.000000	0.000000	0.000000	0.000000	0.000000	0.000000	0.000000	0.342454
7	0.999997	0.000002	0.000001	0.000000	0.000000	0.000000	0.000000	0.000000	0.000000	0.000000	0.342454
8	0.999997	0.000002	0.000001	0.000000	0.000000	0.000000	0.000000	0.000000	0.000000	0.000000	0.342454
9	0.999996	0.000003	0.000001	0.000000	0.000000	0.000000	0.000000	0.000000	0.000000	0.000000	0.342454
10	0.999996	0.000003	0.000001	0.000000	0.000000	0.000000	0.000000	0.000000	0.000000	0.000000	0.342454
11	0.999995	0.000004	0.000001	0.000000	0.000000	0.000000	0.000000	0.000000	0.000000	0.000000	0.342454
12	0.999994	0.000004	0.000001	0.000000	0.000000	0.000000	0.000000	0.000000	0.000000	0.000000	0.342454
13	0.999994	0.000004	0.000001	0.000000	0.000000	0.000000	0.000000	0.000000	0.000000	0.000000	0.342454
14	0.999993	0.000005	0.000001	0.000000	0.000000	0.000000	0.000000	0.000000	0.000000	0.000001	0.342454
15	0.999993	0.000005	0.000001	0.000000	0.000000	0.000000	0.000000	0.000000	0.000000	0.000001	0.342454
16	0.999992	0.000005	0.000001	0.000000	0.000000	0.000000	0.000000	0.000000	0.000000	0.000001	0.342454
17	0.999991	0.000006	0.000001	0.000000	0.000000	0.000000	0.000000	0.000000	0.000000	0.000001	0.342454
18	0.999991	0.000006	0.000002	0.000000	0.000000	0.000000	0.000000	0.000000	0.000000	0.000001	0.342454
19	0.999990	0.000007	0.000002	0.000000	0.000000	0.000000	0.000000	0.000000	0.000000	0.000001	0.342454
20	0.999988	0.000007	0.000002	0.000000	0.000000	0.000000	0.000000	0.000000	0.000000	0.000001	0.342454
21	0.999987	0.000008	0.000002	0.000000	0.000000	0.000000	0.000000	0.000000	0.000000	0.000001	0.342454
22	0.999986	0.000009	0.000002	0.000000	0.000000	0.000000	0.000000	0.000000	0.000000	0.000001	0.342454
23	0.999985	0.000010	0.000003	0.000000	0.000000	0.000000	0.000000	0.000000	0.000000	0.000002	0.342454
24	0.999983	0.000011	0.000003	0.000001	0.000001	0.000000	0.000000	0.000000	0.000000	0.000002	0.342454
25	0.999981	0.000013	0.000002	0.000001	0.000001	0.000000	0.000000	0.000000	0.000000	0.000002	0.342454
26	0.999979	0.000014	0.000003	0.000000	0.000001	0.000000	0.000000	0.000000	0.000000	0.000002	0.342454
27	0.999977	0.000015	0.000003	0.000000	0.000001	0.000000	0.000000	0.000000	0.000000	0.000003	0.342454
28	0.999974	0.000017	0.000003	0.000001	0.000001	0.000000	0.000000	0.000001	0.000000	0.000003	0.342454
29	0.999973	0.000017	0.000004	0.000001	0.000000	0.000001	0.000000	0.000001	0.000000	0.000003	0.342454
30	0.999970	0.000019	0.000005	0.000001	0.000000	0.000001	0.000000	0.000001	0.000000	0.000003	0.342454
31	0.999967	0.000021	0.000005	0.000001	0.000001	0.000001	0.000000	0.000001	0.000000	0.000004	0.342454
32	0.999963	0.000024	0.000006	0.000001	0.000001	0.000001	0.000000	0.000001	0.000000	0.000004	0.342454
33	0.999959	0.000026	0.000006	0.000001	0.000001	0.000001	0.000000	0.000001	0.000000	0.000004	0.342454
34	0.999955	0.000029	0.000007	0.000001	0.000001	0.000001	0.000000	0.000001	0.000000	0.000005	0.342454
35	0.999950	0.000032	0.000008	0.000001	0.000001	0.000001	0.000000	0.000001	0.000000	0.000006	0.342454
36	0.999945	0.000035	0.000009	0.000002	0.000001	0.000001	0.000000	0.000001	0.000000	0.000006	0.342454
37	0.999939	0.000040	0.000009	0.000001	0.000001	0.000001	0.000000	0.000001	0.000000	0.000007	0.342454
38	0.999932	0.000044	0.000011	0.000001	0.000001	0.000001	0.000000	0.000001	0.000000	0.000008	0.342454
39	0.999923	0.000049	0.000013	0.000002	0.000002	0.000001	0.000000	0.000002	0.000000	0.000008	0.342454
40	0.999913	0.000056	0.000014	0.000002	0.000002	0.000002	0.000000	0.000002	0.000000	0.000009	0.342454
41	0.999903	0.000063	0.000015	0.000002	0.000003	0.000002	0.000000	0.000002	0.000000	0.000009	0.342454
42	0.999895	0.000069	0.000016	0.000003	0.000002	0.000002	0.000000	0.000002	0.000000	0.000011	0.342454
43	0.999882	0.000077	0.000018	0.000002	0.000003	0.000002	0.000000	0.000003	0.000000	0.000012	0.342454
44	0.999871	0.000084	0.000020	0.000003	0.000004	0.000002	0.000000	0.000003	0.000000	0.000013	0.342454
45	0.999857	0.000094	0.000021	0.000003	0.000004	0.000002	0.000000	0.000003	0.000000	0.000015	0.342454
46	0.999842	0.000103	0.000023	0.000004	0.000005	0.000003	0.000001	0.000003	0.000000	0.000016	0.342454
47	0.999823	0.000117	0.000025	0.000005	0.000006	0.000002	0.000001	0.000003	0.000000	0.000017	0.342454
48	0.999804	0.000129	0.000027	0.000005	0.000007	0.000003	0.000001	0.000004	0.000000	0.000020	0.342454
49	0.999783	0.000143	0.000032	0.000005	0.000006	0.000003	0.000001	0.000004	0.000000	0.000023	0.342454
50	0.999760	0.000157	0.000037	0.000005	0.000006	0.000004	0.000001	0.000004	0.000000	0.000025	0.342454
51	0.999731	0.000178	0.000041	0.000005	0.000006	0.000005	0.000001	0.000005	0.000000	0.000028	0.342454
52	0.999702	0.000197	0.000046	0.000007	0.000007	0.000005	0.000001	0.000006	0.000000	0.000029	0.342454
53	0.999669	0.000218	0.000052	0.000008	0.000009	0.000006	0.000001	0.000006	0.000000	0.000032	0.342454
54	0.999634	0.000241	0.000059	0.000008	0.000009	0.000006	0.000001	0.000006	0.000000	0.000036	0.342454
55	0.999595	0.000265	0.000066	0.000010	0.000010	0.000006	0.000002	0.000006	0.000000	0.000040	0.342454
56	0.999552	0.000295	0.000071	0.000011	0.000012	0.000006	0.000002	0.000007	0.000000	0.000044	0.342454
57	0.999505	0.000326	0.000078	0.000012	0.000013	0.000007	0.000002	0.000008	0.000000	0.000049	0.342454
58	0.999453	0.000358	0.000087	0.000012	0.000014	0.000008	0.000003	0.000009	0.000000	0.000055	0.342454
59	0.999395	0.000396	0.000096	0.000015	0.000016	0.000009	0.000003	0.000010	0.000000	0.000059	0.342454
60	0.999328	0.000440	0.000107	0.000018	0.000017	0.000010	0.000002	0.000012	0.000000	0.000065	0.342454
61	0.999251	0.000491	0.000119	0.000021	0.000020	0.000011	0.000002	0.000013	0.000000	0.000071	0.342454
62	0.999171	0.000545	0.000131	0.000022	0.000021	0.000012	0.000002	0.000015	0.000000	0.000080	0.342454
63	0.999081	0.000604	0.000144	0.000025	0.000025	0.000014	0.000003	0.000016	0.000000	0.000089	0.342454
64	0.998980	0.000666	0.000165	0.000027	0.000027	0.000015	0.000004	0.000017	0.000000	0.000099	0.342454
65	0.998868	0.000743	0.000180	0.000031	0.000030	0.000016	0.000004	0.000019	0.000000	0.000109	0.342454
66	0.998744	0.000825	0.000198	0.000034	0.000033	0.000017	0.000004	0.000021	0.000000	0.000123	0.342454
67	0.998613	0.000909	0.000220	0.000037	0.000037	0.000019	0.000004	0.000023	0.000000	0.000138	0.342454
68	0.998464	0.001011	0.000240	0.000041	0.000039	0.000021	0.000005	0.000025	0.000000	0.000153	0.342454
69	0.998295	0.001123	0.000266	0.000044	0.000045	0.000023	0.000006	0.000027	0.000000	0.000170	0.342454
70	0.998100	0.001257	0.000293	0.000050	0.000049	0.000025	0.000006	0.000030	0.000000	0.000188	0.342454
71	0.997891	0.001398	0.000326	0.000056	0.000051	0.000028	0.000006	0.000033	0.000000	0.000210	0.342454
72	0.997679	0.001524	0.000372	0.000061	0.000057	0.000030	0.000008	0.000036	0.000001	0.000232	0.342454
73	0.997435	0.001676	0.000414	0.000067	0.000065	0.000033	0.000009	0.000040	0.000001	0.000260	0.342454
74	0.997164	0.001851	0.000459	0.000075	0.000074	0.000036	0.000009	0.000044	0.000001	0.000288	0.342454
75	0.996856	0.002050	0.000512	0.000080	0.000082	0.000040	0.000010	0.000048	0.000001	0.000321	0.342454
76	0.996514	0.002273	0.000564	0.000092	0.000093	0.000045	0.000012	0.000053	0.000001	0.000353	0.342454
77	0.996132	0.002530	0.000617	0.000104	0.000102	0.000051	0.000013	0.000058	0.000001	0.000391	0.342454
78	0.995723	0.002790	0.000687	0.000110	0.000115	0.000058	0.000016	0.000063	0.000001	0.000436	0.342454
79	0.995263	0.003091	0.000762	0.000121	0.000124	0.000066	0.000015	0.000072	0.000001	0.000484	0.342454
80	0.994754	0.003419	0.000846	0.000137	0.000137	0.000072	0.000020	0.000080	0.000001	0.000535	0.342454
81	0.994183	0.003789	0.000937	0.000158	0.000150	0.000080	0.000023	0.000089	0.000001	0.000590	0.342454
82	0.993555	0.004199	0.001030	0.000172	0.000169	0.000088	0.000027	0.000100	0.000001	0.000658	0.342454
83	0.992862	0.004654	0.001134	0.000192	0.000191	0.000101	0.000024	0.000115	0.000001	0.000728	0.342454
84	0.992094	0.005156	0.001258	0.000210	0.000209	0.000110	0.000029	0.000126	0.000001	0.000808	0.342454
85	0.991247	0.005710	0.001385	0.000232	0.000236	0.000122	0.000030	0.000140	0.000001	0.000897	0.342454
86	0.990324	0.006303	0.001536	0.000257	0.000258	0.000135	0.000036	0.000155	0.000001	0.000993	0.342454
87	0.989279	0.006984	0.001708	0.000275	0.000283	0.000153	0.000040	0.000171	0.000002	0.001106	0.342454
88	0.988117	0.007740	0.001893	0.000304	0.000314	0.000169	0.000042	0.000190	0.000002	0.001228	0.342454
89	0.986831	0.008578	0.002100	0.000338	0.000348	0.000183	0.000050	0.000210	0.000002	0.001360	0.342454
90	0.985437	0.009487	0.002321	0.000373	0.000383	0.000204	0.000051	0.000234	0.000003	0.001506	0.342454
91	0.983889	0.010486	0.002579	0.000414	0.000424	0.000229	0.000056	0.000260	0.000003	0.001662	0.342454
92	0.982182	0.011580	0.002858	0.000462	0.000469	0.000257	0.000063	0.000287	0.000003	0.001839	0.342454
93	0.980286	0.012805	0.003170	0.000512	0.000518	0.000284	0.000071	0.000318	0.000004	0.002032	0.342454
94	0.978176	0.014196	0.003482	0.000580	0.000576	0.000314	0.000079	0.000353	0.000004	0.002240	0.342454
95	0.975868	0.015689	0.003854	0.000640	0.000634	0.000349	0.000083	0.000393	0.000004	0.002486	0.342454
96	0.973362	0.017286	0.004275	0.000705	0.000696	0.000388	0.000097	0.000432	0.000005	0.002754	0.342454
97	0.970560	0.019098	0.004728	0.000784	0.000776	0.000428	0.000106	0.000480	0.000005	0.003036	0.342454
98	0.967457	0.021114	0.005220	0.000864	0.000857	0.000472	0.000112	0.000533	0.000005	0.003365	0.342454
99	0.964043	0.023303	0.005779	0.000958	0.000946	0.000522	0.000125	0.000590	0.000005	0.003729	0.342454
100	0.960300	0.025707	0.006391	0.001056	0.001046	0.000581	0.000143	0.000647	0.000006	0.004125	0.342454
101	0.956207	0.028325	0.007056	0.001177	0.001153	0.000644	0.000156	0.000717	0.000007	0.004558	0.342454
102	0.951700	0.031205	0.007780	0.001311	0.001280	0.000713	0.000167	0.000794	0.000008	0.005042	0.342454
103	0.946747	0.034333	0.008623	0.001445	0.001405	0.000786	0.000192	0.000876	0.000009	0.005585	0.342454
104	0.941292	0.037831	0.009482	0.001580	0.001560	0.000869	0.000223	0.000967	0.000010	0.006188	0.342455
105	0.935336	0.041608	0.010446	0.001762	0.001722	0.000960	0.000231	0.001080	0.000011	0.006845	0.342455
106	0.928783	0.045751	0.011514	0.001947	0.001909	0.001056	0.000263	0.001190	0.000012	0.007574	0.342455
107	0.921736	0.050238	0.012693	0.002144	0.002114	0.001170	0.000284	0.001218	0.000013	0.008390	0.342557
108	0.914101	0.055117	0.013974	0.002345	0.002343	0.001286	0.000318	0.001218	0.000014	0.009283	0.342696
109	0.905848	0.060330	0.015380	0.002589	0.002582	0.001424	0.000355	0.001216	0.000017	0.010260	0.342855
110	0.896874	0.065997	0.016903	0.002835	0.002851	0.001569	0.000400	0.001210	0.000017	0.011343	0.343029
111	0.887156	0.072077	0.018569	0.003124	0.003134	0.001742	0.000430	0.001212	0.000019	0.012536	0.343223
112	0.876686	0.078594	0.020366	0.003439	0.003430	0.001926	0.000476	0.001204	0.000023	0.013857	0.343439
113	0.865304	0.085599	0.022372	0.003795	0.003756	0.002129	0.000522	0.001206	0.000025	0.015293	0.343670
114	0.852943	0.093241	0.024468	0.004183	0.004128	0.002342	0.000574	0.001202	0.000028	0.016890	0.343931
115	0.839778	0.101224	0.026788	0.004598	0.004545	0.002577	0.000633	0.001198	0.000030	0.018629	0.344215
116	0.825646	0.109709	0.029289	0.005076	0.004992	0.002831	0.000687	0.001201	0.000032	0.020537	0.344529
117	0.810523	0.118719	0.031952	0.005558	0.005501	0.003104	0.000756	0.001200	0.000035	0.022652	0.344881
118	0.794428	0.128238	0.034757	0.006096	0.006032	0.003412	0.000823	0.001201	0.000036	0.024977	0.345257
119	0.777387	0.138175	0.037779	0.006629	0.006630	0.003747	0.000889	0.001198	0.000039	0.027528	0.345681
120	0.759294	0.148544	0.041070	0.007198	0.007251	0.004111	0.000969	0.001198	0.000042	0.030322	0.346136
121	0.740206	0.159389	0.044478	0.007820	0.007936	0.004493	0.001063	0.001198	0.000044	0.033372	0.346642
122	0.720167	0.170518	0.048183	0.008538	0.008628	0.004910	0.001163	0.001194	0.000046	0.036651	0.347200
123	0.699057	0.182034	0.052172	0.009246	0.009377	0.005365	0.001253	0.001193	0.000049	0.040254	0.347808
124	0.677031	0.193832	0.056268	0.010055	0.010197	0.005873	0.001349	0.001199	0.000050	0.044147	0.348464
125	0.654050	0.205884	0.060548	0.010915	0.011113	0.006398	0.001482	0.001197	0.000053	0.048359	0.349176
126	0.630216	0.218007	0.065195	0.011790	0.012019	0.006959	0.001586	0.001193	0.000055	0.052980	0.349970
127	0.605572	0.230226	0.069919	0.012779	0.013024	0.007572	0.001740	0.001193	0.000058	0.057917	0.350810
128	0.580265	0.242375	0.074816	0.013772	0.014091	0.008229	0.001875	0.001196	0.000060	0.063322	0.351733
129	0.554375	0.254417	0.079868	0.014793	0.015163	0.008927	0.002007	0.001193	0.000062	0.069196	0.352742
130	0.527920	0.266204	0.085113	0.015858	0.016339	0.009665	0.002167	0.001191	0.000065	0.075477	0.353819
131	0.501059	0.277723	0.090373	0.016980	0.017542	0.010472	0.002330	0.001189	0.000067	0.082265	0.354978
132	0.474135	0.288584	0.095693	0.018181	0.018850	0.011295	0.002493	0.001193	0.000069	0.089509	0.356238
133	0.447051	0.298831	0.101142	0.019408	0.020176	0.012178	0.002632	0.001186	0.000071	0.097325	0.357599
134	0.420032	0.308259	0.106645	0.020661	0.021630	0.013065	0.002825	0.001190	0.000073	0.105620	0.359022
135	0.393254	0.316848	0.112093	0.021932	0.023095	0.014017	0.003011	0.001189	0.000076	0.114484	0.360563
136	0.366689	0.324554	0.117514	0.023309	0.024556	0.015020	0.003173	0.001190	0.000078	0.123917	0.362208
137	0.340526	0.331278	0.122883	0.024599	0.026043	0.016052	0.003341	0.001190	0.000079	0.134009	0.363937
138	0.315026	0.336761	0.128156	0.025854	0.027535	0.017153	0.003537	0.001187	0.000082	0.144710	0.365771
139	0.290420	0.340972	0.133069	0.027216	0.029104	0.018247	0.003730	0.001190	0.000084	0.155968	0.367715
140	0.266673	0.343848	0.137795	0.028577	0.030676	0.019397	0.003937	0.001182	0.000086	0.167829	0.369773
141	0.243919	0.345330	0.142395	0.029898	0.032162	0.020527	0.004100	0.001186	0.000089	0.180394	0.371931
142	0.222229	0.345330	0.146740	0.031128	0.033711	0.021699	0.004277	0.001188	0.000091	0.193607	0.374177
143	0.201668	0.344156	0.150521	0.032394	0.035226	0.022885	0.004464	0.001186	0.000092	0.207407	0.376539
144	0.182443	0.341439	0.153995	0.033554	0.036689	0.024087	0.004657	0.001186	0.000094	0.221857	0.379002
145	0.164516	0.337408	0.157027	0.034618	0.038176	0.025314	0.004800	0.001188	0.000095	0.236858	0.381568
146	0.147878	0.332008	0.159725	0.035606	0.039550	0.026468	0.004978	0.001184	0.000098	0.252505	0.384212
147	0.132738	0.325226	0.161918	0.036580	0.040880	0.027634	0.005137	0.001190	0.000100	0.268597	0.386957
148	0.118921	0.317312	0.163575	0.037417	0.042152	0.028803	0.005300	0.001191	0.000101	0.285229	0.389798
149	0.106465	0.308374	0.164658	0.038191	0.043290	0.029943	0.005436	0.001188	0.000104	0.302350	0.392751
150	0.095220	0.298448	0.165298	0.038905	0.044342	0.031024	0.005532	0.001194	0.000105	0.319931	0.395772
151	0.085141	0.287825	0.165253	0.039490	0.045367	0.032073	0.005668	0.001194	0.000105	0.337885	0.398846
152	0.076302	0.276495	0.164739	0.039967	0.046164	0.033108	0.005704	0.001198	0.000107	0.356217	0.402010
153	0.068458	0.264541	0.163722	0.040310	0.046824	0.034078	0.005791	0.001195	0.000108	0.374973	0.405197
154	0.061595	0.252327	0.162023	0.040548	0.047378	0.034975	0.005885	0.001195	0.000108	0.393965	0.408418
155	0.055677	0.239731	0.160047	0.040592	0.047796	0.035777	0.005918	0.001193	0.000108	0.413159	0.411700
156	0.050637	0.226989	0.157433	0.040515	0.048051	0.036469	0.005987	0.001195	0.000109	0.432614	0.414997
157	0.046256	0.214377	0.154323	0.040328	0.048158	0.037179	0.005981	0.001195	0.000110	0.452093	0.418354
158	0.042462	0.201844	0.150738	0.040047	0.048248	0.037732	0.006013	0.001198	0.000111	0.471607	0.421677
159	0.039302	0.189561	0.146803	0.039546	0.048098	0.038215	0.005991	0.001191	0.000111	0.491181	0.425039
160	0.036676	0.177464	0.142648	0.038943	0.047806	0.038569	0.005951	0.001192	0.000111	0.510639	0.428379
161	0.034492	0.165808	0.138042	0.038236	0.047343	0.038848	0.005916	0.001191	0.000112	0.530013	0.431721
162	0.032692	0.154600	0.133196	0.037466	0.046671	0.038993	0.005856	0.001189	0.000111	0.549227	0.435033
163	0.031210	0.143896	0.128119	0.036550	0.045913	0.039006	0.005790	0.001192	0.000111	0.568213	0.438317
164	0.030041	0.133649	0.122823	0.035629	0.045088	0.038952	0.005697	0.001189	0.000112	0.586821	0.441563
165	0.029105	0.124008	0.117389	0.034602	0.044141	0.038776	0.005615	0.001195	0.000111	0.605058	0.444748
166	0.028299	0.115006	0.111812	0.033503	0.043050	0.038529	0.005527	0.001190	0.000113	0.622972	0.447867
167	0.027743	0.106557	0.106240	0.032303	0.041885	0.038163	0.005339	0.001192	0.000113	0.640463	0.450973
168	0.027291	0.098675	0.100650	0.031079	0.040585	0.037706	0.005218	0.001189	0.000113	0.657493	0.453985
169	0.026941	0.091367	0.095115	0.029824	0.039122	0.037149	0.005107	0.001195	0.000113	0.674068	0.456890
170	0.026706	0.084667	0.089537	0.028471	0.037735	0.036483	0.005000	0.001191	0.000113	0.690096	0.459747
171	0.026594	0.078484	0.084115	0.027168	0.036232	0.035778	0.004803	0.001189	0.000112	0.705525	0.462542
172	0.026576	0.072738	0.078859	0.025787	0.034737	0.034981	0.004634	0.001191	0.000112	0.720385	0.465248
173	0.026596	0.067505	0.073761	0.024429	0.033169	0.034135	0.004468	0.001188	0.000112	0.734637	0.467857
174	0.026582	0.062769	0.068762	0.023073	0.031571	0.033220	0.004379	0.001189	0.000112	0.748342	0.470319
175	0.026725	0.058334	0.064093	0.021778	0.030007	0.032224	0.004182	0.001189	0.000112	0.761356	0.472767
176	0.026857	0.054358	0.059534	0.020515	0.028398	0.031207	0.003994	0.001190	0.000113	0.773834	0.475104
177	0.027017	0.050731	0.055254	0.019259	0.026832	0.030149	0.003808	0.001191	0.000114	0.785645	0.477337
178	0.027204	0.047408	0.051303	0.017972	0.025290	0.029021	0.003662	0.001193	0.000114	0.796832	0.479481
179	0.027388	0.044335	0.047604	0.016785	0.023805	0.027911	0.003477	0.001193	0.000113	0.807389	0.481515
180	0.027588	0.041553	0.044068	0.015650	0.022357	0.026726	0.003354	0.001192	0.000114	0.817399	0.483463
181	0.027823	0.039002	0.040789	0.014571	0.020896	0.025579	0.003209	0.001188	0.000115	0.826827	0.485332
182	0.028038	0.036617	0.037826	0.013525	0.019526	0.024394	0.003061	0.001194	0.000115	0.835703	0.487106
183	0.028307	0.034428	0.035047	0.012603	0.018201	0.023198	0.002867	0.001192	0.000115	0.844042	0.488827
184	0.028565	0.032368	0.032527	0.011652	0.016987	0.022056	0.002719	0.001188	0.000116	0.851820	0.490433
185	0.028790	0.030459	0.030234	0.010785	0.015810	0.020890	0.002599	0.001187	0.000116	0.859130	0.491937
186	0.029011	0.028667	0.028101	0.009995	0.014691	0.019756	0.002460	0.001190	0.000117	0.866011	0.493369
187	0.029238	0.027014	0.026147	0.009275	0.013648	0.018701	0.002300	0.001190	0.000117	0.872369	0.494738
188	0.029465	0.025453	0.024377	0.008583	0.012683	0.017643	0.002166	0.001194	0.000116	0.878321	0.496020
189	0.029673	0.024001	0.022734	0.007993	0.011761	0.016600	0.002066	0.001192	0.000117	0.883863	0.497235
190	0.029881	0.022615	0.021228	0.007437	0.010954	0.015621	0.001938	0.001195	0.000116	0.889015	0.498385
191	0.030057	0.021318	0.019865	0.006929	0.010169	0.014652	0.001854	0.001192	0.000116	0.893848	0.499447
192	0.030269	0.020075	0.018585	0.006468	0.009438	0.013741	0.001744	0.001192	0.000117	0.898372	0.500465
193	0.030464	0.018878	0.017468	0.006007	0.008757	0.012897	0.001621	0.001191	0.000117	0.902600	0.501421
194	0.030637	0.017761	0.016412	0.005614	0.008145	0.012077	0.001525	0.001193	0.000117	0.906519	0.502313
195	0.030816	0.016694	0.015430	0.005217	0.007590	0.011344	0.001419	0.001193	0.000117	0.910180	0.503144
196	0.030954	0.015706	0.014497	0.004877	0.007097	0.010610	0.001340	0.001194	0.000116	0.913608	0.503916
197	0.031091	0.014794	0.013603	0.004567	0.006603	0.009919	0.001275	0.001189	0.000118	0.916843	0.504644
198	0.031221	0.013899	0.012826	0.004264	0.006156	0.009247	0.001203	0.001190	0.000118	0.919875	0.505332
199	0.031353	0.013046	0.012070	0.004018	0.005757	0.008627	0.001128	0.001189	0.000119	0.922693	0.505968
200	0.031467	0.012251	0.011382	0.003774	0.005391	0.008067	0.001044	0.001189	0.000118	0.925317	0.506572
201	0.031569	0.011498	0.010705	0.003561	0.005058	0.007538	0.000989	0.001193	0.000118	0.927771	0.507124
202	0.031669	0.010800	0.010081	0.003347	0.004735	0.007050	0.000919	0.001196	0.000118	0.930085	0.507653
203	0.031753	0.010129	0.009491	0.003141	0.004474	0.006577	0.000869	0.001187	0.000119	0.932259	0.508135
204	0.031837	0.009505	0.008933	0.002959	0.004199	0.006133	0.000792	0.001191	0.000120	0.934331	0.508595
205	0.031893	0.008906	0.008421	0.002777	0.003944	0.005735	0.000739	0.001191	0.000120	0.936274	0.509005
206	0.031953	0.008343	0.007938	0.002621	0.003700	0.005358	0.000691	0.001193	0.000122	0.938080	0.509390
207	0.031998	0.007820	0.007472	0.002465	0.003508	0.004997	0.000650	0.001193	0.000122	0.939776	0.509752
208	0.032034	0.007330	0.007037	0.002323	0.003282	0.004673	0.000616	0.001190	0.000121	0.941394	0.510077
209	0.032061	0.006884	0.006604	0.002192	0.003095	0.004362	0.000588	0.001192	0.000121	0.942901	0.510379
210	0.032093	0.006467	0.006213	0.002052	0.002920	0.004089	0.000538	0.001188	0.000121	0.944318	0.510672
211	0.032116	0.006079	0.005839	0.001920	0.002742	0.003832	0.000496	0.001190	0.000122	0.945665	0.510932
212	0.032142	0.005699	0.005467	0.001826	0.002570	0.003592	0.000465	0.001192	0.000124	0.946923	0.511172
213	0.032161	0.005345	0.005134	0.001717	0.002429	0.003356	0.000432	0.001192	0.000123	0.948109	0.511401
214	0.032165	0.005015	0.004815	0.001615	0.002274	0.003155	0.000407	0.001195	0.000123	0.949236	0.511601
215	0.032169	0.004705	0.004526	0.001517	0.002133	0.002958	0.000377	0.001194	0.000123	0.950298	0.511794
216	0.032171	0.004421	0.004232	0.001430	0.002002	0.002778	0.000360	0.001189	0.000123	0.951294	0.511970
217	0.032175	0.004137	0.003967	0.001347	0.001886	0.002596	0.000346	0.001192	0.000123	0.952232	0.512128
218	0.032178	0.003885	0.003714	0.001254	0.001777	0.002434	0.000320	0.001188	0.000122	0.953127	0.512280
219	0.032174	0.003639	0.003486	0.001179	0.001660	0.002290	0.000296	0.001194	0.000122	0.953961	0.512413
220	0.032176	0.003398	0.003278	0.001110	0.001552	0.002157	0.000267	0.001193	0.000121	0.954747	0.512544
221	0.032160	0.003183	0.003074	0.001048	0.001457	0.002024	0.000251	0.001194	0.000120	0.955487	0.512655
222	0.032145	0.002985	0.002871	0.000983	0.001376	0.001901	0.000238	0.001194	0.000121	0.956186	0.512758
223	0.032145	0.002784	0.002692	0.000915	0.001295	0.001781	0.000220	0.001188	0.000122	0.956858	0.512853
224	0.032124	0.002612	0.002520	0.000862	0.001212	0.001669	0.000207	0.001188	0.000122	0.957484	0.512933
225	0.032103	0.002436	0.002370	0.000805	0.001137	0.001576	0.000195	0.001192	0.000121	0.958064	0.513001
226	0.032086	0.002284	0.002219	0.000750	0.001070	0.001481	0.000185	0.001191	0.000120	0.958614	0.513070
227	0.032070	0.002140	0.002081	0.000700	0.001008	0.001385	0.000168	0.001188	0.000120	0.959140	0.513133
228	0.032046	0.002005	0.001942	0.000663	0.000946	0.001299	0.000158	0.001193	0.000118	0.959629	0.513184
229	0.032024	0.001874	0.001834	0.000604	0.000888	0.001216	0.000150	0.001192	0.000117	0.960101	0.513235
230	0.032003	0.001755	0.001712	0.000582	0.000832	0.001141	0.000144	0.001186	0.000117	0.960529	0.513277
231	0.031976	0.001642	0.001605	0.000546	0.000786	0.001069	0.000134	0.001191	0.000118	0.960934	0.513311
232	0.031958	0.001529	0.001499	0.000513	0.000736	0.001004	0.000126	0.001192	0.000118	0.961325	0.513342
233	0.031933	0.001432	0.001401	0.000475	0.000692	0.000946	0.000118	0.001192	0.000117	0.961693	0.513370
234	0.031911	0.001340	0.001307	0.000442	0.000648	0.000892	0.000111	0.001189	0.000117	0.962043	0.513396
235	0.031880	0.001259	0.001213	0.000425	0.000610	0.000838	0.000106	0.001189	0.000117	0.962362	0.513413
236	0.031846	0.001182	0.001134	0.000399	0.000567	0.000791	0.000097	0.001194	0.000115	0.962674	0.513428
237	0.031821	0.001108	0.001056	0.000370	0.000532	0.000744	0.000091	0.001194	0.000115	0.962968	0.513442
238	0.031789	0.001045	0.000984	0.000343	0.000493	0.000701	0.000089	0.001188	0.000114	0.963252	0.513450
239	0.031761	0.000982	0.000918	0.000325	0.000460	0.000654	0.000083	0.001196	0.000113	0.963510	0.513456
240	0.031736	0.000922	0.000855	0.000304	0.000431	0.000612	0.000076	0.001190	0.000112	0.963762	0.513465
241	0.031707	0.000869	0.000800	0.000281	0.000400	0.000573	0.000070	0.001189	0.000112	0.963999	0.513467
242	0.031678	0.000823	0.000743	0.000262	0.000376	0.000534	0.000069	0.001184	0.000110	0.964221	0.513469
243	0.031652	0.000774	0.000697	0.000243	0.000349	0.000499	0.000064	0.001180	0.000109	0.964433	0.513472
244	0.031626	0.000730	0.000652	0.000226	0.000326	0.000466	0.000062	0.001174	0.000108	0.964631	0.513473
245	0.031606	0.000689	0.000609	0.000210	0.000305	0.000435	0.000056	0.001162	0.000106	0.964821	0.513477
246	0.031586	0.000648	0.000574	0.000199	0.000282	0.000412	0.000050	0.001153	0.000104	0.964993	0.513479
247	0.031568	0.000613	0.000531	0.000188	0.000265	0.000387	0.000045	0.001137	0.000103	0.965163	0.513482
248	0.031550	0.000578	0.000497	0.000174	0.000247	0.000362	0.000042	0.001119	0.000102	0.965328	0.513484
249	0.031535	0.000543	0.000466	0.000163	0.000232	0.000339	0.000041	0.001100	0.000101	0.965479	0.513486
250	0.031518	0.000513	0.000436	0.000153	0.000218	0.000317	0.000039	0.001076	0.000101	0.965629	0.513488
251	0.031504	0.000487	0.000407	0.000142	0.000201	0.000299	0.000037	0.001050	0.000099	0.965776	0.513491
252	0.031491	0.000461	0.000380	0.000133	0.000186	0.000280	0.000034	0.001027	0.000096	0.965912	0.513494
253	0.031478	0.000436	0.000356	0.000123	0.000175	0.000263	0.000032	0.000998	0.000094	0.966046	0.513496
254	0.031468	0.000411	0.000334	0.000116	0.000166	0.000246	0.000031	0.000970	0.000091	0.966168	0.513499
255	0.031454	0.000392	0.000316	0.000109	0.000154	0.000226	0.000029	0.000943	0.000091	0.966286	0.513501
256	0.031443	0.000372	0.000297	0.000098	0.000141	0.000213	0.000026	0.000919	0.000089	0.966400	0.513503
257	0.031432	0.000356	0.000277	0.000092	0.000133	0.000199	0.000026	0.000889	0.000088	0.966508	0.513505
258	0.031423	0.000338	0.000259	0.000089	0.000123	0.000186	0.000022	0.000863	0.000087	0.966609	0.513507
259	0.031413	0.000320	0.000243	0.000085	0.000117	0.000175	0.000021	0.000834	0.000086	0.966705	0.513509
260	0.031403	0.000305	0.000233	0.000079	0.000110	0.000164	0.000019	0.000807	0.000086	0.966792	0.513510
261	0.031397	0.000290	0.000220	0.000071	0.000104	0.000154	0.000019	0.000775	0.000085	0.966885	0.513512
262	0.031389	0.000277	0.000205	0.000067	0.000099	0.000144	0.000018	0.000745	0.000084	0.966971	0.513514
263	0.031383	0.000264	0.000192	0.000063	0.000091	0.000134	0.000018	0.000719	0.000083	0.967053	0.513515
264	0.031375	0.000255	0.000181	0.000056	0.000085	0.000124	0.000017	0.000689	0.000082	0.967136	0.513517
265	0.031370	0.000244	0.000167	0.000055	0.000081	0.000116	0.000016	0.000661	0.000081	0.967209	0.513519
266	0.031365	0.000235	0.000154	0.000054	0.000077	0.000108	0.000014	0.000635	0.000080	0.967279	0.513520
267	0.031360	0.000225	0.000144	0.000052	0.000073	0.000101	0.000012	0.000606	0.000079	0.967348	0.513522
268	0.031357	0.000216	0.000134	0.000049	0.000068	0.000095	0.000010	0.000578	0.000079	0.967415	0.513523
269	0.031352	0.000206	0.000127	0.000046	0.000064	0.000089	0.000009	0.000548	0.000078	0.967479	0.513525
270	0.031349	0.000199	0.000118	0.000043	0.000061	0.000082	0.000011	0.000520	0.000077	0.967541	0.513527
271	0.031347	0.000191	0.000110	0.000038	0.000059	0.000076	0.000010	0.000492	0.000075	0.967602	0.513529
272	0.031344	0.000183	0.000101	0.000036	0.000056	0.000072	0.000010	0.000465	0.000073	0.967658	0.513531
273	0.031342	0.000175	0.000096	0.000035	0.000053	0.000067	0.000008	0.000439	0.000072	0.967713	0.513533
274	0.031339	0.000168	0.000092	0.000033	0.000050	0.000063	0.000006	0.000416	0.000071	0.967762	0.513535
275	0.031335	0.000164	0.000089	0.000028	0.000046	0.000058	0.000006	0.000392	0.000070	0.967811	0.513536
276	0.031332	0.000158	0.000085	0.000028	0.000043	0.000054	0.000006	0.000370	0.000069	0.967854	0.513538
277	0.031331	0.000151	0.000081	0.000026	0.000040	0.000050	0.000006	0.000347	0.000067	0.967900	0.513539
278	0.031327	0.000147	0.000076	0.000024	0.000038	0.000046	0.000007	0.000326	0.000066	0.967942	0.513540
279	0.031325	0.000140	0.000076	0.000022	0.000036	0.000044	0.000006	0.000308	0.000065	0.967979	0.513541
280	0.031324	0.000134	0.000072	0.000021	0.000034	0.000041	0.000005	0.000286	0.000063	0.968019	0.513543
281	0.031323	0.000130	0.000067	0.000021	0.000033	0.000038	0.000005	0.000268	0.000063	0.968053	0.513544
282	0.031322	0.000126	0.000063	0.000020	0.000031	0.000035	0.000004	0.000251	0.000062	0.968086	0.513545
283	0.031321	0.000122	0.000059	0.000016	0.000028	0.000033	0.000005	0.000233	0.000061	0.968120	0.513546
284	0.031319	0.000120	0.000055	0.000017	0.000027	0.000031	0.000004	0.000220	0.000060	0.968148	0.513547
285	0.031319	0.000116	0.000052	0.000017	0.000025	0.000029	0.000004	0.000202	0.000058	0.968179	0.513549
286	0.031319	0.000113	0.000048	0.000016	0.000024	0.000026	0.000004	0.000190	0.000056	0.968206	0.513551
287	0.031318	0.000109	0.000044	0.000015	0.000022	0.000024	0.000004	0.000177	0.000054	0.968232	0.513552
288	0.031317	0.000106	0.000041	0.000014	0.000021	0.000023	0.000004	0.000167	0.000054	0.968253	0.513553
289	0.031316	0.000104	0.000038	0.000012	0.000020	0.000022	0.000003	0.000157	0.000052	0.968275	0.513554
290	0.031316	0.000103	0.000035	0.000011	0.000018	0.000021	0.000003	0.000147	0.000050	0.968296	0.513555
291	0.031315	0.000102	0.000032	0.000011	0.000017	0.000021	0.000002	0.000138	0.000049	0.968313	0.513556
292	0.031315	0.000099	0.000030	0.000011	0.000015	0.000020	0.000003	0.000127	0.000048	0.968333	0.513557
293	0.031315	0.000098	0.000028	0.000009	0.000013	0.000018	0.000003	0.000119	0.000046	0.968351	0.513558
294	0.031314	0.000096	0.000027	0.000009	0.000013	0.000017	0.000002	0.000111	0.000046	0.968365	0.513558
295	0.031313	0.000094	0.000025	0.000009	0.000012	0.000017	0.000001	0.000105	0.000045	0.968379	0.513559
296	0.031314	0.000092	0.000024	0.000009	0.000011	0.000016	0.000001	0.000098	0.000043	0.968392	0.513561
297	0.031314	0.000090	0.000024	0.000007	0.000010	0.000015	0.000002	0.000091	0.000041	0.968405	0.513562
298	0.031314	0.000088	0.000023	0.000007	0.000010	0.000015	0.000001	0.000084	0.000039	0.968418	0.513563
299	0.031314	0.000087	0.000022	0.000007	0.000009	0.000014	0.000001	0.000080	0.000038	0.968429	0.513564
300	0.031313	0.000087	0.000021	0.000006	0.000008	0.000013	0.000001	0.000074	0.000037	0.968440	0.513565
301	0.031313	0.000085	0.000020	0.000005	0.000008	0.000013	0.000001	0.000069	0.000035	0.968450	0.513565
302	0.031313	0.000084	0.000018	0.000004	0.000008	0.000012	0.000001	0.000064	0.000035	0.968460	0.513566
303	0.031313	0.000083	0.000018	0.000004	0.000007	0.000012	0.000002	0.000059	0.000033	0.968469	0.513567
304	0.031313	0.000082	0.000017	0.000004	0.000007	0.000012	0.000001	0.000056	0.000032	0.968476	0.513568
305	0.031313	0.000081	0.000016	0.000004	0.000007	0.000011	0.000001	0.000053	0.000030	0.968482	0.513569
306	0.031313	0.000081	0.000015	0.000004	0.000007	0.000010	0.000001	0.000050	0.000029	0.968490	0.513570
307	0.031313	0.000079	0.000015	0.000004	0.000008	0.000009	0.000001	0.000047	0.000027	0.968497	0.513570
308	0.031313	0.000077	0.000013	0.000004	0.000007	0.000009	0.000001	0.000044	0.000027	0.968504	0.513571
309	0.031314	0.000077	0.000012	0.000004	0.000008	0.000008	0.000001	0.000042	0.000025	0.968510	0.513571
310	0.031315	0.000076	0.000011	0.000003	0.000008	0.000008	0.000001	0.000039	0.000024	0.968516	0.513573
311	0.031315	0.000076	0.000010	0.000004	0.000007	0.000007	0.000001	0.000037	0.000023	0.968521	0.513573
312	0.031315	0.000075	0.000010	0.000003	0.000005	0.000007	0.000001	0.000034	0.000021	0.968528	0.513575
313	0.031316	0.000075	0.000009	0.000003	0.000005	0.000006	0.000001	0.000032	0.000020	0.968533	0.513575
314	0.031316	0.000074	0.000008	0.000003	0.000005	0.000006	0.000001	0.000030	0.000019	0.968538	0.513575
315	0.031316	0.000073	0.000008	0.000004	0.000004	0.000006	0.000001	0.000029	0.000019	0.968542	0.513576
316	0.031316	0.000073	0.000007	0.000004	0.000004	0.000005	0.000000	0.000027	0.000018	0.968545	0.513576
317	0.031317	0.000073	0.000006	0.000003	0.000004	0.000005	0.000000	0.000026	0.000017	0.968550	0.513577
318	0.031316	0.000073	0.000005	0.000003	0.000004	0.000005	0.000000	0.000024	0.000016	0.968553	0.513577
319	0.031317	0.000072	0.000005	0.000002	0.000003	0.000005	0.000000	0.000023	0.000015	0.968558	0.513578
320	0.031317	0.000072	0.000004	0.000002	0.000004	0.000004	0.000000	0.000021	0.000014	0.968561	0.513578
321	0.031317	0.000072	0.000004	0.000001	0.000003	0.000004	0.000000	0.000021	0.000014	0.968563	0.513579
322	0.031317	0.000072	0.000004	0.000001	0.000003	0.000004	0.000000	0.000020	0.000013	0.968567	0.513579
323	0.031318	0.000071	0.000004	0.000001	0.000002	0.000003	0.000000	0.000019	0.000012	0.968570	0.513580
324	0.031318	0.000071	0.000004	0.000001	0.000002	0.000003	0.000000	0.000018	0.000011	0.968572	0.513580
325	0.031318	0.000070	0.000004	0.000001	0.000002	0.000003	0.000000	0.000016	0.000010	0.968576	0.513581
326	0.031318	0.000070	0.000004	0.000001	0.000002	0.000002	0.000000	0.000014	0.000010	0.968579	0.513581
327	0.031318	0.000070	0.000004	0.000001	0.000001	0.000002	0.000000	0.000014	0.000009	0.968580	0.513581
328	0.031319	0.000069	0.000004	0.000001	0.000001	0.000002	0.000000	0.000013	0.000009	0.968582	0.513582
329	0.031319	0.000069	0.000004	0.000001	0.000001	0.000002	0.000000	0.000012	0.000008	0.968584	0.513582
330	0.031319	0.000069	0.000004	0.000001	0.000001	0.000002	0.000000	0.000011	0.000008	0.968585	0.513582
331	0.031319	0.000069	0.000003	0.000001	0.000001	0.000002	0.000000	0.000010	0.000007	0.968588	0.513582
332	0.031319	0.000068	0.000003	0.000001	0.000001	0.000002	0.000000	0.000010	0.000007	0.968589	0.513583
333	0.031320	0.000068	0.000002	0.000001	0.000001	0.000002	0.000001	0.000009	0.000006	0.968591	0.513583
334	0.031320	0.000068	0.000002	0.000001	0.000001	0.000002	0.000000	0.000009	0.000006	0.968592	0.513583
335	0.031319	0.000068	0.000002	0.000001	0.000001	0.000001	0.000000	0.000008	0.000005	0.968593	0.513583
336	0.031320	0.000068	0.000002	0.000001	0.000001	0.000001	0.000000	0.000008	0.000005	0.968594	0.513583
337	0.031320	0.000068	0.000002	0.000001	0.000001	0.000001	0.000000	0.000008	0.000004	0.968596	0.513584
338	0.031320	0.000067	0.000002	0.000000	0.000001	0.000001	0.000000	0.000007	0.000004	0.968597	0.513584
339	0.031320	0.000067	0.000001	0.000001	0.000001	0.000001	0.000000	0.000007	0.000003	0.968598	0.513585
340	0.031320	0.000067	0.000001	0.000001	0.000001	0.000001	0.000000	0.000007	0.000003	0.968599	0.513585
341	0.031320	0.000067	0.000001	0.000001	0.000001	0.000001	0.000000	0.000006	0.000003	0.968600	0.513585
342	0.031320	0.000067	0.000002	0.000001	0.000001	0.000001	0.000000	0.000006	0.000003	0.968601	0.513585
343	0.031320	0.000067	0.000002	0.000000	0.000001	0.000001	0.000000	0.000005	0.000003	0.968602	0.513585
344	0.031320	0.000067	0.000001	0.000000	0.000001	0.000000	0.000000	0.000005	0.000003	0.968602	0.513585
345	0.031321	0.000067	0.000001	0.000000	0.000001	0.000001	0.000000	0.000005	0.000002	0.968603	0.513585
346	0.031321	0.000067	0.000001	0.000001	0.000001	0.000001	0.000000	0.000004	0.000002	0.968603	0.513585
347	0.031321	0.000067	0.000001	0.000000	0.000001	0.000001	0.000000	0.000004	0.000002	0.968604	0.513585
348	0.031321	0.000066	0.000001	0.000000	0.000001	0.000001	0.000000	0.000004	0.000002	0.968604	0.513585
349	0.031321	0.000066	0.000001	0.000000	0.000001	0.000001	0.000000	0.000004	0.000002	0.968604	0.513585
350	0.031321	0.000066	0.000001	0.000000	0.000000	0.000001	0.000000	0.000004	0.000002	0.968605	0.513585
351	0.031321	0.000066	0.000001	0.000000	0.000001	0.000001	0.000000	0.000003	0.000002	0.968606	0.513585
352	0.031321	0.000066	0.000001	0.000000	0.000001	0.000001	0.000000	0.000003	0.000002	0.968607	0.513585
353	0.031321	0.000066	0.000001	0.000000	0.000001	0.000001	0.000000	0.000002	0.000001	0.968607	0.513586
354	0.031321	0.000066	0.000001	0.000000	0.000000	0.000000	0.000000	0.000002	0.000001	0.968608	0.513586
355	0.031321	0.000066	0.000001	0.000000	0.000000	0.000000	0.000000	0.000003	0.000001	0.968608	0.513586
356	0.031321	0.000066	0.000001	0.000000	0.000000	0.000000	0.000000	0.000003	0.000001	0.968608	0.513586
357	0.031321	0.000066	0.000001	0.000000	0.000000	0.000000	0.000000	0.000003	0.000001	0.968608	0.513586
358	0.031321	0.000066	0.000001	0.000000	0.000000	0.000000	0.000000	0.000002	0.000001	0.968609	0.513586
359	0.031321	0.000066	0.000001	0.000000	0.000000	0.000000	0.000000	0.000002	0.000001	0.968609	0.513586
360	0.031321	0.000066	0.000001	0.000000	0.000000	0.000000	0.000000	0.000002	0.000001	0.968609	0.513586
361	0.031321	0.000066	0.000001	0.000000	0.000000	0.000000	0.000000	0.000002	0.000001	0.968610	0.513586
362	0.031321	0.000065	0.000001	0.000000	0.000000	0.000000	0.000000	0.000002	0.000001	0.968610	0.513586
363	0.031321	0.000065	0.000001	0.000000	0.000000	0.000000	0.000000	0.000001	0.000001	0.968611	0.513586
364	0.031321	0.000065	0.000001	0.000000	0.000000	0.000000	0.000000	0.000001	0.000001	0.968611	0.513586
365	0.031321	0.000065	0.000001	0.000000	0.000000	0.000000	0.000000	0.000001	0.000001	0.968611	0.513586
366	0.031321	0.000065	0.000001	0.000000	0.000000	0.000000	0.000000	0.000001	0.000001	0.968611	0.513586
367	0.031321	0.000065	0.000000	0.000000	0.000000	0.000000	0.000000	0.000001	0.000001	0.968611	0.513586
368	0.031321	0.000065	0.000000	0.000000	0.000000	0.000000	0.000000	0.000001	0.000001	0.968611	0.513586
369	0.031321	0.000065	0.000000	0.000000	0.000000	0.000000	0.000000	0.000001	0.000000	0.968611	0.513586
370	0.031321	0.000065	0.000000	0.000000	0.000000	0.000000	0.000000	0.000001	0.000000	0.968612	0.513586
371	0.031321	0.000065	0.000000	0.000000	0.000000	0.000000	0.000000	0.000001	0.000000	0.968612	0.513586
372	0.031321	0.000065	0.000000	0.000000	0.000000	0.000000	0.000000	0.000001	0.000000	0.968612	0.513586
373	0.031321	0.000066	0.000000	0.000000	0.000000	0.000000	0.000000	0.000001	0.000000	0.968612	0.513586
374	0.031321	0.000066	0.000000	0.000000	0.000000	0.000000	0.000000	0.000001	0.000000	0.968612	0.513586
375	0.031321	0.000066	0.000000	0.000000	0.000000	0.000000	0.000000	0.000001	0.000000	0.968612	0.513586
376	0.031321	0.000066	0.000000	0.000000	0.000000	0.000000	0.000000	0.000001	0.000000	0.968612	0.513586
377	0.031321	0.000066	0.000000	0.000000	0.000000	0.000000	0.000000	0.000001	0.000000	0.968612	0.513586
378	0.031321	0.000066	0.000000	0.000000	0.000000	0.000000	0.000000	0.000001	0.000000	0.968612	0.513586
379	0.031321	0.000066	0.000000	0.000000	0.000000	0.000000	0.000000	0.000001	0.000000	0.968612	0.513586
380	0.031321	0.000066	0.000000	0.000000	0.000000	0.000000	0.000000	0.000001	0.000000	0.968612	0.513586
381	0.031321	0.000066	0.000000	0.000000	0.000000	0.000000	0.000000	0.000001	0.000000	0.968612	0.513586
382	0.031321	0.000065	0.000000	0.000000	0.000000	0.000000	0.000000	0.000001	0.000000	0.968612	0.513586
383	0.031321	0.000065	0.000000	0.000000	0.000000	0.000000	0.000000	0.000001	0.000000	0.968612	0.513586
384	0.031321	0.000065	0.000000	0.000000	0.000000	0.000000	0.000000	0.000001	0.000000	0.968612	0.513586
385	0.031321	0.000065	0.000000	0.000000	0.000000	0.000000	0.000000	0.000001	0.000000	0.968612	0.513586
386	0.031321	0.000065	0.000000	0.000000	0.000000	0.000000	0.000000	0.000001	0.000000	0.968612	0.513586
387	0.031321	0.000065	0.000000	0.000000	0.000000	0.000000	0.000000	0.000001	0.000000	0.968613	0.513586
