0	0.000000	0.000000	0.000000	0.000000	0.000000	0.000000	0.000000	0.000000	0.000000	0.000000	0.000000
0	0.999999	0.000000	0.000000	0.000000	0.000000	0.000000	0.000000	0.000000	0.000000	0.000000	0.000000
1	0.999999	0.000001	0.000000	0.000000	0.000000	0.000000	0.000000	0.000000	0.000000	0.000000	0.000000
2	0.999999	0.000001	0.000000	0.000000	0.000000	0.000000	0.000000	0.000000	0.000000	0.000000	0.000000
3	0.999998	0.000001	0.000000	0.000000	0.000000	0.000000	0.000000	0.000000	0.000000	0.000000	0.000000
4	0.999998	0.000001	0.000000	0.000000	0.000000	0.000000	0.000000	0.000000	0.000000	0.000000	0.000000
5	0.999998	0.000001	0.000001	0.000000	0.000000	0.000000	0.000000	0.000000	0.000000	0.000000	0.000000
6	0.999998	0.000002	0.000000	0.000000	0.000000	0.000000	0.000000	0.000000	0.000000	0.000000	0.000000
7	0.999997	0.000002	0.000000	0.000000	0.000000	0.000000	0.000000	0.000000	0.000000	0.000000	0.000000
8	0.999997	0.000002	0.000000	0.000000	0.000000	0.000000	0.000000	0.000000	0.000000	0.000000	0.000000
9	0.999997	0.000002	0.000000	0.000000	0.000000	0.000000	0.000000	0.000000	0.000000	0.000000	0.000000
10	0.999997	0.000002	0.000000	0.000000	0.000000	0.000000	0.000000	0.000000	0.000000	0.000000	0.000000
11	0.999996	0.000002	0.000000	0.000000	0.000000	0.000000	0.000000	0.000000	0.000000	0.000000	0.000000
12	0.999996	0.000003	0.000000	0.000000	0.000000	0.000000	0.000000	0.000000	0.000000	0.000000	0.000000
13	0.999996	0.000003	0.000001	0.000000	0.000000	0.000000	0.000000	0.000000	0.000000	0.000000	0.000000
14	0.999995	0.000003	0.000001	0.000000	0.000000	0.000000	0.000000	0.000000	0.000000	0.000000	0.000000
15	0.999995	0.000004	0.000001	0.000000	0.000000	0.000000	0.000000	0.000000	0.000000	0.000000	0.000000
16	0.999994	0.000004	0.000001	0.000000	0.000000	0.000000	0.000000	0.000000	0.000000	0.000000	0.000000
17	0.999994	0.000004	0.000001	0.000000	0.000000	0.000000	0.000000	0.000000	0.000000	0.000000	0.000000
18	0.999993	0.000004	0.000001	0.000000	0.000000	0.000000	0.000000	0.000000	0.000000	0.000001	0.000000
19	0.999993	0.000004	0.000001	0.000000	0.000000	0.000000	0.000000	0.000000	0.000000	0.000001	0.000000
20	0.999992	0.000005	0.000001	0.000000	0.000000	0.000000	0.000000	0.000000	0.000000	0.000001	0.000000
21	0.999991	0.000005	0.000002	0.000000	0.000000	0.000000	0.000000	0.000000	0.000000	0.000001	0.000000
22	0.999990	0.000006	0.000002	0.000000	0.000000	0.000000	0.000000	0.000000	0.000000	0.000001	0.000000
23	0.999989	0.000007	0.000002	0.000000	0.000000	0.000000	0.000000	0.000000	0.000000	0.000001	0.000000
24	0.999988	0.000008	0.000002	0.000000	0.000000	0.000000	0.000000	0.000000	0.000000	0.000001	0.000000
25	0.999987	0.000009	0.000002	0.000000	0.000000	0.000000	0.000000	0.000000	0.000000	0.000001	0.000000
26	0.999986	0.000009	0.000002	0.000000	0.000000	0.000000	0.000000	0.000000	0.000000	0.000001	0.000000
27	0.999984	0.000010	0.000002	0.000000	0.000000	0.000000	0.000000	0.000000	0.000000	0.000001	0.000000
28	0.999983	0.000011	0.000002	0.000000	0.000001	0.000000	0.000000	0.000000	0.000000	0.000002	0.000000
29	0.999982	0.000012	0.000003	0.000000	0.000001	0.000000	0.000000	0.000001	0.000000	0.000002	0.000000
30	0.999980	0.000013	0.000003	0.000000	0.000000	0.000000	0.000000	0.000001	0.000000	0.000002	0.000000
31	0.999978	0.000015	0.000004	0.000000	0.000000	0.000000	0.000000	0.000001	0.000000	0.000002	0.000000
32	0.999975	0.000017	0.000004	0.000000	0.000001	0.000000	0.000000	0.000001	0.000000	0.000002	0.000000
33	0.999972	0.000018	0.000004	0.000000	0.000001	0.000001	0.000000	0.000001	0.000000	0.000003	0.000000
34	0.999969	0.000021	0.000004	0.000001	0.000001	0.000001	0.000000	0.000001	0.000000	0.000003	0.000000
35	0.999966	0.000022	0.000005	0.000000	0.000001	0.000001	0.000000	0.000000	0.000000	0.000003	0.000000
36	0.999962	0.000026	0.000006	0.000001	0.000001	0.000001	0.000000	0.000000	0.000000	0.000003	0.000000
37	0.999956	0.000030	0.000007	0.000001	0.000001	0.000001	0.000000	0.000000	0.000000	0.000004	0.000000
38	0.999952	0.000032	0.000008	0.000001	0.000002	0.000001	0.000000	0.000000	0.000000	0.000004	0.000000
39	0.999947	0.000036	0.000008	0.000001	0.000002	0.000001	0.000000	0.000000	0.000000	0.000005	0.000000
40	0.999941	0.000039	0.000009	0.000002	0.000002	0.000001	0.000000	0.000000	0.000000	0.000005	0.000000
41	0.999933	0.000045	0.000011	0.000002	0.000002	0.000001	0.000000	0.000000	0.000000	0.000006	0.000000
42	0.999926	0.000048	0.000013	0.000002	0.000002	0.000002	0.000000	0.000001	0.000000	0.000007	0.000000
43	0.999919	0.000053	0.000014	0.000002	0.000002	0.000002	0.000000	0.000001	0.000000	0.000007	0.000000
44	0.999908	0.000062	0.000014	0.000003	0.000002	0.000002	0.000000	0.000001	0.000000	0.000008	0.000000
45	0.999900	0.000067	0.000016	0.000003	0.000002	0.000002	0.000000	0.000001	0.000000	0.000010	0.000000
46	0.999889	0.000073	0.000017	0.000004	0.000003	0.000002	0.000000	0.000001	0.000000	0.000010	0.000000
47	0.999877	0.000080	0.000020	0.000004	0.000003	0.000002	0.000000	0.000001	0.000000	0.000011	0.000000
48	0.999863	0.000090	0.000023	0.000005	0.000003	0.000002	0.000001	0.000001	0.000000	0.000013	0.000000
49	0.999845	0.000102	0.000026	0.000004	0.000003	0.000002	0.000001	0.000002	0.000000	0.000015	0.000000
50	0.999825	0.000114	0.000028	0.000006	0.000004	0.000003	0.000001	0.000002	0.000000	0.000017	0.000000
51	0.999802	0.000130	0.000032	0.000006	0.000004	0.000003	0.000001	0.000003	0.000000	0.000019	0.000000
52	0.999780	0.000144	0.000037	0.000006	0.000004	0.000003	0.000001	0.000003	0.000000	0.000021	0.000000
53	0.999758	0.000159	0.000039	0.000007	0.000005	0.000004	0.000001	0.000003	0.000000	0.000023	0.000000
54	0.999733	0.000175	0.000042	0.000008	0.000006	0.000004	0.000002	0.000004	0.000000	0.000027	0.000000
55	0.999704	0.000195	0.000046	0.000008	0.000007	0.000004	0.000001	0.000005	0.000000	0.000030	0.000000
56	0.999671	0.000217	0.000051	0.000009	0.000008	0.000005	0.000001	0.000005	0.000000	0.000033	0.000000
57	0.999640	0.000236	0.000057	0.000009	0.000010	0.000005	0.000001	0.000005	0.000000	0.000037	0.000000
58	0.999599	0.000262	0.000065	0.000011	0.000011	0.000006	0.000001	0.000006	0.000000	0.000040	0.000000
59	0.999552	0.000295	0.000070	0.000012	0.000012	0.000006	0.000002	0.000006	0.000000	0.000045	0.000000
60	0.999506	0.000324	0.000079	0.000014	0.000013	0.000007	0.000002	0.000007	0.000000	0.000049	0.000000
61	0.999452	0.000359	0.000086	0.000015	0.000015	0.000008	0.000002	0.000008	0.000000	0.000055	0.000000
62	0.999393	0.000397	0.000096	0.000016	0.000016	0.000009	0.000002	0.000009	0.000000	0.000061	0.000000
63	0.999328	0.000441	0.000104	0.000018	0.000018	0.000010	0.000003	0.000010	0.000000	0.000068	0.000000
64	0.999255	0.000490	0.000115	0.000019	0.000020	0.000012	0.000003	0.000012	0.000000	0.000075	0.000000
65	0.999176	0.000542	0.000126	0.000019	0.000024	0.000014	0.000003	0.000013	0.000000	0.000084	0.000000
66	0.999086	0.000602	0.000139	0.000022	0.000025	0.000016	0.000004	0.000014	0.000000	0.000092	0.000000
67	0.998987	0.000664	0.000160	0.000023	0.000028	0.000018	0.000003	0.000016	0.000000	0.000101	0.000000
68	0.998876	0.000740	0.000174	0.000028	0.000030	0.000019	0.000004	0.000018	0.000000	0.000111	0.000000
69	0.998756	0.000818	0.000193	0.000033	0.000032	0.000021	0.000005	0.000020	0.000000	0.000122	0.000000
70	0.998620	0.000906	0.000216	0.000036	0.000036	0.000023	0.000005	0.000022	0.000000	0.000135	0.000000
71	0.998467	0.001009	0.000239	0.000038	0.000040	0.000025	0.000005	0.000025	0.000000	0.000151	0.000000
72	0.998303	0.001113	0.000269	0.000044	0.000043	0.000027	0.000005	0.000027	0.000000	0.000168	0.000000
73	0.998131	0.001223	0.000301	0.000047	0.000047	0.000029	0.000006	0.000030	0.000000	0.000186	0.000000
74	0.997930	0.001347	0.000340	0.000052	0.000053	0.000032	0.000008	0.000033	0.000000	0.000205	0.000000
75	0.997702	0.001497	0.000376	0.000060	0.000059	0.000035	0.000007	0.000037	0.000000	0.000227	0.000000
76	0.997449	0.001662	0.000416	0.000065	0.000066	0.000040	0.000010	0.000040	0.000000	0.000252	0.000000
77	0.997165	0.001846	0.000466	0.000073	0.000073	0.000042	0.000010	0.000045	0.000000	0.000279	0.000000
78	0.996857	0.002049	0.000514	0.000081	0.000081	0.000046	0.000011	0.000050	0.000000	0.000311	0.000000
79	0.996512	0.002281	0.000559	0.000090	0.000094	0.000051	0.000014	0.000055	0.000000	0.000343	0.000000
80	0.996129	0.002536	0.000619	0.000101	0.000102	0.000055	0.000014	0.000063	0.000000	0.000381	0.000000
81	0.995713	0.002806	0.000687	0.000110	0.000115	0.000062	0.000017	0.000070	0.000001	0.000420	0.000000
82	0.995250	0.003115	0.000755	0.000121	0.000127	0.000068	0.000017	0.000079	0.000001	0.000466	0.000000
83	0.994738	0.003450	0.000837	0.000134	0.000141	0.000074	0.000019	0.000088	0.000001	0.000519	0.000000
84	0.994174	0.003815	0.000929	0.000152	0.000153	0.000086	0.000017	0.000098	0.000001	0.000575	0.000000
85	0.993542	0.004232	0.001029	0.000168	0.000168	0.000095	0.000021	0.000105	0.000001	0.000639	0.000000
86	0.992852	0.004687	0.001133	0.000186	0.000185	0.000105	0.000025	0.000116	0.000001	0.000710	0.000000
87	0.992092	0.005182	0.001253	0.000210	0.000205	0.000114	0.000030	0.000128	0.000001	0.000785	0.000000
88	0.991255	0.005717	0.001397	0.000234	0.000229	0.000124	0.000032	0.000142	0.000001	0.000870	0.000000
89	0.990310	0.006334	0.001549	0.000257	0.000250	0.000139	0.000034	0.000158	0.000001	0.000967	0.000000
90	0.989278	0.006997	0.001727	0.000278	0.000279	0.000154	0.000037	0.000174	0.000001	0.001074	0.000000
91	0.988114	0.007764	0.001901	0.000313	0.000311	0.000170	0.000044	0.000193	0.000001	0.001188	0.000000
92	0.986841	0.008584	0.002112	0.000343	0.000346	0.000189	0.000048	0.000213	0.000001	0.001322	0.000000
93	0.985435	0.009495	0.002347	0.000377	0.000381	0.000210	0.000053	0.000237	0.000001	0.001464	0.000000
94	0.983853	0.010518	0.002603	0.000420	0.000424	0.000234	0.000061	0.000263	0.000002	0.001623	0.000000
95	0.982109	0.011661	0.002881	0.000461	0.000465	0.000261	0.000065	0.000292	0.000002	0.001802	0.000000
96	0.980190	0.012908	0.003185	0.000519	0.000513	0.000290	0.000071	0.000325	0.000002	0.001996	0.000000
97	0.978089	0.014264	0.003517	0.000581	0.000569	0.000318	0.000084	0.000358	0.000002	0.002217	0.000000
98	0.975738	0.015787	0.003908	0.000636	0.000631	0.000352	0.000087	0.000399	0.000003	0.002459	0.000000
99	0.973170	0.017450	0.004314	0.000707	0.000702	0.000389	0.000097	0.000441	0.000003	0.002727	0.000000
100	0.970326	0.019291	0.004775	0.000780	0.000782	0.000431	0.000109	0.000488	0.000003	0.003016	0.000000
101	0.967202	0.021298	0.005279	0.000861	0.000865	0.000479	0.000124	0.000542	0.000003	0.003346	0.000000
102	0.963775	0.023497	0.005822	0.000968	0.000951	0.000533	0.000134	0.000604	0.000004	0.003712	0.000000
103	0.960005	0.025903	0.006452	0.001057	0.001051	0.000593	0.000142	0.000670	0.000004	0.004123	0.000000
104	0.955869	0.028548	0.007125	0.001176	0.001165	0.000658	0.000155	0.000738	0.000005	0.004562	0.000000
105	0.951275	0.031499	0.007858	0.001311	0.001286	0.000729	0.000177	0.000814	0.000005	0.005045	0.000000
106	0.946252	0.034700	0.008683	0.001459	0.001416	0.000804	0.000189	0.000903	0.000006	0.005587	0.000000
107	0.940752	0.038153	0.009639	0.001597	0.001556	0.000892	0.000212	0.000993	0.000008	0.006197	0.000000
108	0.934676	0.042023	0.010613	0.001776	0.001725	0.000983	0.000235	0.001093	0.000009	0.006866	0.000000
109	0.928023	0.046256	0.011694	0.001929	0.001910	0.001091	0.000267	0.001204	0.000010	0.007616	0.000000
110	0.920909	0.050822	0.012871	0.002128	0.002112	0.001209	0.000297	0.001218	0.000011	0.008421	0.000116
111	0.913180	0.055757	0.014181	0.002366	0.002326	0.001336	0.000323	0.001217	0.000013	0.009301	0.000264
112	0.904804	0.061102	0.015567	0.002621	0.002565	0.001475	0.000355	0.001212	0.000014	0.010284	0.000425
113	0.895727	0.066818	0.017122	0.002871	0.002836	0.001625	0.000385	0.001213	0.000016	0.011386	0.000601
114	0.885910	0.072960	0.018775	0.003194	0.003124	0.001785	0.000431	0.001209	0.000018	0.012593	0.000790
115	0.875220	0.079655	0.020581	0.003504	0.003462	0.001964	0.000466	0.001206	0.000020	0.013923	0.001005
116	0.863708	0.086780	0.022581	0.003827	0.003816	0.002161	0.000513	0.001205	0.000023	0.015387	0.001236
117	0.851405	0.094274	0.024745	0.004230	0.004208	0.002366	0.000565	0.001203	0.000025	0.016979	0.001490
118	0.838119	0.102338	0.027077	0.004664	0.004628	0.002602	0.000620	0.001202	0.000027	0.018722	0.001768
119	0.823838	0.110939	0.029610	0.005094	0.005059	0.002868	0.000682	0.001200	0.000030	0.020680	0.002085
120	0.808566	0.120071	0.032280	0.005558	0.005545	0.003148	0.000756	0.001201	0.000033	0.022842	0.002427
121	0.792374	0.129552	0.035190	0.006097	0.006093	0.003466	0.000838	0.001201	0.000034	0.025154	0.002813
122	0.775130	0.139594	0.038286	0.006660	0.006681	0.003789	0.000923	0.001198	0.000037	0.027702	0.003244
123	0.756936	0.149989	0.041614	0.007249	0.007319	0.004165	0.000996	0.001201	0.000041	0.030490	0.003714
124	0.737667	0.160829	0.045169	0.007896	0.008000	0.004563	0.001078	0.001200	0.000042	0.033555	0.004238
125	0.717349	0.172153	0.048878	0.008618	0.008742	0.004983	0.001166	0.001199	0.000044	0.036869	0.004809
126	0.696138	0.183696	0.052786	0.009405	0.009538	0.005448	0.001264	0.001195	0.000047	0.040483	0.005429
127	0.673902	0.195590	0.056948	0.010188	0.010353	0.005966	0.001369	0.001193	0.000049	0.044443	0.006094
128	0.650839	0.207575	0.061289	0.011054	0.011262	0.006510	0.001470	0.001193	0.000051	0.048756	0.006823
129	0.626903	0.219791	0.065748	0.011995	0.012198	0.007083	0.001607	0.001195	0.000053	0.053425	0.007611
130	0.602221	0.232003	0.070503	0.012933	0.013175	0.007688	0.001746	0.001188	0.000057	0.058485	0.008470
131	0.576829	0.244140	0.075423	0.013943	0.014234	0.008333	0.001886	0.001194	0.000059	0.063960	0.009392
132	0.551030	0.255964	0.080487	0.014996	0.015364	0.009028	0.002031	0.001192	0.000063	0.069845	0.010412
133	0.524569	0.267703	0.085650	0.016047	0.016558	0.009792	0.002204	0.001191	0.000066	0.076222	0.011499
134	0.497708	0.279136	0.090931	0.017198	0.017767	0.010588	0.002344	0.001190	0.000067	0.083071	0.012691
135	0.470725	0.289928	0.096308	0.018339	0.019042	0.011427	0.002512	0.001190	0.000070	0.090460	0.013957
136	0.443674	0.300109	0.101705	0.019587	0.020382	0.012327	0.002688	0.001186	0.000073	0.098270	0.015309
137	0.416660	0.309479	0.107304	0.020745	0.021779	0.013248	0.002831	0.001186	0.000076	0.106692	0.016764
138	0.389871	0.318026	0.112764	0.022093	0.023171	0.014201	0.002992	0.001189	0.000078	0.115614	0.018320
139	0.363416	0.325520	0.118178	0.023409	0.024664	0.015195	0.003201	0.001187	0.000081	0.125149	0.019944
140	0.337387	0.332011	0.123489	0.024804	0.026157	0.016246	0.003398	0.001187	0.000082	0.135238	0.021688
141	0.312000	0.337342	0.128754	0.026091	0.027689	0.017291	0.003576	0.001191	0.000083	0.145982	0.023550
142	0.287383	0.341365	0.133795	0.027379	0.029276	0.018394	0.003792	0.001186	0.000085	0.157345	0.025485
143	0.263746	0.344114	0.138469	0.028715	0.030832	0.019521	0.003983	0.001191	0.000088	0.169342	0.027552
144	0.241114	0.345468	0.142924	0.029996	0.032427	0.020685	0.004124	0.001189	0.000090	0.181984	0.029747
145	0.219670	0.345345	0.147060	0.031272	0.033958	0.021861	0.004279	0.001187	0.000092	0.195278	0.032033
146	0.199334	0.343813	0.150926	0.032548	0.035477	0.023029	0.004466	0.001184	0.000095	0.209127	0.034385
147	0.180296	0.340843	0.154426	0.033751	0.036964	0.024218	0.004668	0.001188	0.000097	0.223551	0.036850
148	0.162498	0.336562	0.157510	0.034844	0.038432	0.025405	0.004864	0.001187	0.000100	0.238598	0.039422
149	0.146079	0.330963	0.160083	0.035908	0.039806	0.026584	0.005028	0.001186	0.000102	0.254261	0.042097
150	0.131084	0.324108	0.162166	0.036794	0.041119	0.027767	0.005163	0.001190	0.000104	0.270507	0.044877
151	0.117446	0.316046	0.163766	0.037662	0.042389	0.028907	0.005268	0.001192	0.000105	0.287218	0.047745
152	0.105150	0.306921	0.164801	0.038443	0.043480	0.030054	0.005383	0.001191	0.000105	0.304472	0.050687
153	0.093992	0.297072	0.165156	0.039072	0.044559	0.031142	0.005548	0.001195	0.000106	0.322159	0.053666
154	0.084067	0.286324	0.165112	0.039610	0.045506	0.032196	0.005679	0.001196	0.000107	0.340204	0.056750
155	0.075304	0.274906	0.164498	0.040051	0.046362	0.033206	0.005748	0.001196	0.000108	0.358622	0.059911
156	0.067574	0.262979	0.163380	0.040347	0.047030	0.034163	0.005823	0.001200	0.000109	0.377395	0.063123
157	0.060891	0.250627	0.161749	0.040473	0.047558	0.035001	0.005913	0.001195	0.000108	0.396484	0.066380
158	0.055073	0.238103	0.159566	0.040519	0.047902	0.035825	0.005946	0.001196	0.000109	0.415761	0.069679
159	0.050067	0.225375	0.156987	0.040455	0.048145	0.036556	0.005954	0.001195	0.000110	0.435156	0.073010
160	0.045720	0.212776	0.153832	0.040291	0.048216	0.037252	0.005960	0.001193	0.000110	0.454651	0.076345
161	0.042017	0.200273	0.150194	0.040011	0.048262	0.037778	0.005987	0.001196	0.000112	0.474170	0.079666
162	0.038945	0.188013	0.146225	0.039571	0.048000	0.038241	0.005954	0.001193	0.000112	0.493746	0.083026
163	0.036390	0.176003	0.141941	0.038927	0.047717	0.038578	0.005892	0.001191	0.000115	0.513245	0.086371
164	0.034188	0.164435	0.137377	0.038244	0.047223	0.038794	0.005878	0.001191	0.000114	0.532557	0.089651
165	0.032440	0.153260	0.132386	0.037482	0.046685	0.038980	0.005800	0.001191	0.000116	0.551661	0.092943
166	0.030985	0.142565	0.127311	0.036535	0.045930	0.039017	0.005753	0.001188	0.000115	0.570599	0.096201
167	0.029804	0.132414	0.122061	0.035611	0.044965	0.038951	0.005661	0.001191	0.000116	0.589227	0.099423
168	0.028834	0.122876	0.116676	0.034438	0.044004	0.038775	0.005590	0.001193	0.000116	0.607498	0.102580
169	0.028154	0.113876	0.111164	0.033278	0.042868	0.038470	0.005468	0.001195	0.000116	0.625410	0.105718
170	0.027620	0.105442	0.105651	0.032048	0.041598	0.038089	0.005354	0.001189	0.000115	0.642894	0.108795
171	0.027149	0.097635	0.100037	0.030870	0.040310	0.037581	0.005253	0.001191	0.000115	0.659860	0.111771
172	0.026846	0.090417	0.094474	0.029559	0.038919	0.037015	0.005108	0.001191	0.000115	0.676356	0.114704
173	0.026634	0.083720	0.089048	0.028188	0.037525	0.036379	0.004958	0.001191	0.000116	0.692242	0.117566
174	0.026533	0.077573	0.083605	0.026856	0.036041	0.035630	0.004819	0.001189	0.000115	0.707638	0.120328
175	0.026538	0.071921	0.078257	0.025596	0.034553	0.034830	0.004654	0.001193	0.000114	0.722345	0.123033
176	0.026596	0.066747	0.073181	0.024240	0.032959	0.034001	0.004438	0.001192	0.000113	0.736533	0.125656
177	0.026640	0.062004	0.068267	0.022906	0.031386	0.033082	0.004282	0.001188	0.000113	0.750132	0.128143
178	0.026734	0.057704	0.063589	0.021528	0.029776	0.032081	0.004155	0.001191	0.000113	0.763129	0.130538
179	0.026869	0.053758	0.059168	0.020252	0.028177	0.031040	0.004004	0.001190	0.000115	0.775427	0.132853
180	0.027051	0.050149	0.054906	0.018968	0.026641	0.029962	0.003834	0.001192	0.000114	0.787182	0.135097
181	0.027254	0.046855	0.050956	0.017742	0.025117	0.028856	0.003643	0.001193	0.000114	0.798270	0.137246
182	0.027447	0.043862	0.047238	0.016596	0.023588	0.027717	0.003476	0.001189	0.000114	0.808774	0.139290
183	0.027641	0.041132	0.043693	0.015522	0.022147	0.026581	0.003308	0.001189	0.000115	0.818672	0.141232
184	0.027849	0.038573	0.040444	0.014489	0.020752	0.025440	0.003187	0.001189	0.000116	0.827961	0.143063
185	0.028096	0.036281	0.037413	0.013466	0.019427	0.024276	0.003003	0.001195	0.000116	0.836728	0.144854
186	0.028332	0.034089	0.034701	0.012472	0.018132	0.023104	0.002849	0.001193	0.000116	0.845014	0.146535
187	0.028550	0.032060	0.032208	0.011573	0.016901	0.021973	0.002717	0.001190	0.000116	0.852712	0.148114
188	0.028773	0.030172	0.029918	0.010732	0.015712	0.020829	0.002587	0.001193	0.000116	0.859968	0.149620
189	0.028997	0.028462	0.027771	0.009952	0.014598	0.019719	0.002454	0.001192	0.000116	0.866741	0.151051
190	0.029233	0.026825	0.025886	0.009191	0.013561	0.018653	0.002313	0.001189	0.000118	0.873032	0.152412
191	0.029486	0.025251	0.024116	0.008523	0.012591	0.017626	0.002172	0.001193	0.000118	0.878924	0.153698
192	0.029716	0.023780	0.022501	0.007899	0.011690	0.016608	0.002053	0.001189	0.000119	0.884445	0.154900
193	0.029914	0.022424	0.021021	0.007339	0.010843	0.015619	0.001943	0.001195	0.000118	0.889584	0.156031
194	0.030131	0.021110	0.019696	0.006811	0.010050	0.014669	0.001828	0.001191	0.000119	0.894394	0.157101
195	0.030317	0.019905	0.018428	0.006347	0.009336	0.013762	0.001737	0.001192	0.000117	0.898858	0.158104
196	0.030512	0.018740	0.017301	0.005913	0.008695	0.012892	0.001626	0.001194	0.000116	0.903013	0.159056
197	0.030696	0.017626	0.016279	0.005519	0.008066	0.012089	0.001525	0.001193	0.000115	0.906890	0.159944
198	0.030879	0.016604	0.015264	0.005142	0.007510	0.011300	0.001440	0.001193	0.000116	0.910553	0.160781
199	0.031028	0.015607	0.014373	0.004808	0.007012	0.010561	0.001342	0.001192	0.000118	0.913960	0.161557
200	0.031181	0.014670	0.013503	0.004516	0.006562	0.009877	0.001259	0.001188	0.000118	0.917125	0.162289
201	0.031305	0.013775	0.012749	0.004234	0.006113	0.009215	0.001179	0.001189	0.000119	0.920122	0.162966
202	0.031408	0.012963	0.011975	0.003990	0.005726	0.008599	0.001131	0.001192	0.000119	0.922897	0.163592
203	0.031525	0.012183	0.011269	0.003749	0.005389	0.007996	0.001063	0.001189	0.000120	0.925518	0.164195
204	0.031625	0.011446	0.010632	0.003523	0.005049	0.007473	0.000980	0.001194	0.000120	0.927958	0.164762
205	0.031721	0.010751	0.010006	0.003320	0.004727	0.006969	0.000919	0.001191	0.000120	0.930278	0.165281
206	0.031813	0.010089	0.009438	0.003110	0.004436	0.006506	0.000854	0.001190	0.000119	0.932445	0.165770
207	0.031890	0.009458	0.008875	0.002935	0.004189	0.006087	0.000789	0.001194	0.000118	0.934465	0.166220
208	0.031944	0.008876	0.008365	0.002767	0.003939	0.005674	0.000744	0.001193	0.000118	0.936380	0.166632
209	0.031996	0.008329	0.007875	0.002595	0.003714	0.005304	0.000707	0.001189	0.000118	0.938172	0.167014
210	0.032050	0.007807	0.007419	0.002442	0.003471	0.004954	0.000659	0.001191	0.000120	0.939889	0.167371
211	0.032095	0.007317	0.006984	0.002298	0.003255	0.004630	0.000624	0.001192	0.000119	0.941487	0.167701
212	0.032147	0.006859	0.006566	0.002180	0.003069	0.004333	0.000561	0.001195	0.000118	0.942974	0.168017
213	0.032180	0.006426	0.006170	0.002066	0.002881	0.004057	0.000526	0.001187	0.000119	0.944389	0.168297
214	0.032201	0.006028	0.005794	0.001941	0.002720	0.003796	0.000487	0.001186	0.000120	0.945726	0.168555
215	0.032202	0.005668	0.005446	0.001819	0.002544	0.003558	0.000458	0.001190	0.000121	0.946995	0.168785
216	0.032204	0.005337	0.005093	0.001703	0.002400	0.003334	0.000429	0.001190	0.000121	0.948189	0.168998
217	0.032221	0.005001	0.004779	0.001600	0.002257	0.003124	0.000396	0.001192	0.000121	0.949309	0.169201
218	0.032220	0.004692	0.004482	0.001499	0.002121	0.002931	0.000377	0.001191	0.000123	0.950364	0.169383
219	0.032220	0.004401	0.004205	0.001413	0.001992	0.002746	0.000359	0.001193	0.000121	0.951349	0.169551
220	0.032228	0.004132	0.003931	0.001313	0.001880	0.002585	0.000326	0.001189	0.000121	0.952295	0.169717
221	0.032223	0.003878	0.003678	0.001228	0.001777	0.002433	0.000303	0.001190	0.000121	0.953170	0.169863
222	0.032214	0.003635	0.003441	0.001158	0.001670	0.002288	0.000293	0.001194	0.000121	0.953985	0.169993
223	0.032208	0.003410	0.003224	0.001095	0.001557	0.002145	0.000274	0.001192	0.000121	0.954774	0.170115
224	0.032204	0.003186	0.003039	0.001024	0.001460	0.002015	0.000260	0.001187	0.000120	0.955504	0.170228
225	0.032191	0.002987	0.002848	0.000975	0.001352	0.001897	0.000243	0.001188	0.000119	0.956200	0.170326
226	0.032176	0.002799	0.002682	0.000915	0.001267	0.001771	0.000228	0.001185	0.000120	0.956859	0.170419
227	0.032155	0.002628	0.002506	0.000858	0.001176	0.001662	0.000207	0.001191	0.000119	0.957497	0.170499
228	0.032143	0.002455	0.002359	0.000802	0.001110	0.001567	0.000185	0.001189	0.000119	0.958071	0.170574
229	0.032123	0.002294	0.002218	0.000745	0.001043	0.001470	0.000177	0.001197	0.000119	0.958614	0.170640
230	0.032103	0.002142	0.002087	0.000700	0.000980	0.001378	0.000173	0.001193	0.000118	0.959126	0.170699
231	0.032080	0.002012	0.001945	0.000663	0.000927	0.001292	0.000161	0.001192	0.000118	0.959610	0.170756
232	0.032056	0.001891	0.001815	0.000619	0.000873	0.001209	0.000156	0.001190	0.000117	0.960075	0.170804
233	0.032031	0.001775	0.001693	0.000585	0.000821	0.001138	0.000143	0.001189	0.000116	0.960509	0.170846
234	0.032006	0.001663	0.001592	0.000542	0.000766	0.001065	0.000128	0.001192	0.000115	0.960930	0.170882
235	0.031984	0.001557	0.001488	0.000504	0.000720	0.001003	0.000120	0.001193	0.000115	0.961314	0.170915
236	0.031957	0.001460	0.001391	0.000468	0.000682	0.000941	0.000116	0.001199	0.000114	0.961672	0.170942
237	0.031938	0.001364	0.001303	0.000441	0.000639	0.000885	0.000111	0.001194	0.000114	0.962011	0.170971
238	0.031912	0.001277	0.001224	0.000410	0.000602	0.000832	0.000103	0.001190	0.000113	0.962338	0.170994
239	0.031885	0.001196	0.001148	0.000383	0.000569	0.000781	0.000096	0.001194	0.000112	0.962637	0.171009
240	0.031859	0.001125	0.001063	0.000364	0.000533	0.000734	0.000089	0.001187	0.000111	0.962935	0.171022
241	0.031825	0.001053	0.000996	0.000340	0.000494	0.000695	0.000082	0.001191	0.000111	0.963213	0.171025
242	0.031795	0.000988	0.000929	0.000320	0.000461	0.000657	0.000078	0.001192	0.000109	0.963470	0.171030
243	0.031766	0.000926	0.000872	0.000300	0.000436	0.000612	0.000072	0.001188	0.000108	0.963720	0.171032
244	0.031736	0.000870	0.000819	0.000278	0.000408	0.000572	0.000067	0.001186	0.000106	0.963958	0.171036
245	0.031710	0.000812	0.000771	0.000262	0.000377	0.000539	0.000063	0.001179	0.000106	0.964181	0.171038
246	0.031682	0.000766	0.000719	0.000245	0.000351	0.000509	0.000059	0.001165	0.000104	0.964398	0.171040
247	0.031660	0.000721	0.000671	0.000227	0.000324	0.000471	0.000054	0.001154	0.000103	0.964615	0.171042
248	0.031640	0.000677	0.000626	0.000208	0.000304	0.000441	0.000054	0.001140	0.000103	0.964807	0.171045
249	0.031618	0.000641	0.000579	0.000198	0.000289	0.000410	0.000056	0.001125	0.000101	0.964982	0.171048
250	0.031600	0.000604	0.000541	0.000185	0.000268	0.000388	0.000047	0.001109	0.000100	0.965159	0.171051
251	0.031582	0.000571	0.000500	0.000173	0.000255	0.000360	0.000046	0.001092	0.000099	0.965322	0.171053
252	0.031564	0.000538	0.000468	0.000163	0.000236	0.000337	0.000041	0.001073	0.000099	0.965481	0.171055
253	0.031547	0.000511	0.000435	0.000153	0.000224	0.000316	0.000040	0.001052	0.000097	0.965625	0.171058
254	0.031530	0.000483	0.000409	0.000141	0.000213	0.000299	0.000036	0.001031	0.000097	0.965761	0.171059
255	0.031518	0.000455	0.000378	0.000135	0.000202	0.000282	0.000034	0.001008	0.000095	0.965893	0.171062
256	0.031503	0.000438	0.000348	0.000123	0.000188	0.000263	0.000031	0.000981	0.000094	0.966031	0.171063
257	0.031492	0.000412	0.000327	0.000117	0.000174	0.000246	0.000027	0.000954	0.000094	0.966157	0.171065
258	0.031479	0.000392	0.000308	0.000108	0.000160	0.000229	0.000027	0.000925	0.000093	0.966280	0.171067
259	0.031470	0.000370	0.000295	0.000097	0.000148	0.000215	0.000025	0.000896	0.000091	0.966392	0.171070
260	0.031460	0.000351	0.000276	0.000093	0.000138	0.000201	0.000023	0.000866	0.000090	0.966502	0.171072
261	0.031451	0.000334	0.000258	0.000087	0.000128	0.000190	0.000024	0.000831	0.000089	0.966608	0.171074
262	0.031442	0.000318	0.000245	0.000081	0.000118	0.000180	0.000019	0.000804	0.000089	0.966705	0.171075
263	0.031434	0.000303	0.000231	0.000075	0.000108	0.000166	0.000021	0.000773	0.000089	0.966801	0.171076
264	0.031426	0.000287	0.000214	0.000071	0.000102	0.000155	0.000019	0.000744	0.000088	0.966894	0.171078
265	0.031419	0.000274	0.000205	0.000063	0.000093	0.000144	0.000018	0.000718	0.000086	0.966980	0.171080
266	0.031413	0.000258	0.000197	0.000061	0.000086	0.000135	0.000016	0.000691	0.000086	0.967058	0.171082
267	0.031409	0.000246	0.000187	0.000056	0.000080	0.000124	0.000017	0.000663	0.000084	0.967134	0.171085
268	0.031403	0.000237	0.000171	0.000056	0.000077	0.000115	0.000015	0.000637	0.000083	0.967206	0.171085
269	0.031399	0.000226	0.000157	0.000055	0.000072	0.000107	0.000015	0.000613	0.000083	0.967273	0.171087
270	0.031394	0.000217	0.000148	0.000048	0.000070	0.000099	0.000014	0.000588	0.000080	0.967343	0.171090
271	0.031389	0.000210	0.000137	0.000045	0.000067	0.000094	0.000011	0.000559	0.000079	0.967409	0.171092
272	0.031385	0.000200	0.000130	0.000040	0.000063	0.000088	0.000009	0.000532	0.000078	0.967475	0.171093
273	0.031383	0.000191	0.000121	0.000039	0.000061	0.000084	0.000010	0.000503	0.000077	0.967531	0.171095
274	0.031378	0.000184	0.000114	0.000039	0.000059	0.000078	0.000010	0.000480	0.000076	0.967583	0.171097
275	0.031377	0.000176	0.000107	0.000037	0.000056	0.000072	0.000009	0.000455	0.000074	0.967638	0.171098
276	0.031374	0.000171	0.000098	0.000036	0.000052	0.000068	0.000008	0.000430	0.000073	0.967691	0.171100
277	0.031372	0.000163	0.000094	0.000034	0.000047	0.000064	0.000007	0.000406	0.000071	0.967741	0.171101
278	0.031370	0.000158	0.000087	0.000031	0.000044	0.000060	0.000007	0.000388	0.000070	0.967786	0.171103
279	0.031368	0.000153	0.000081	0.000029	0.000040	0.000057	0.000007	0.000369	0.000068	0.967828	0.171104
280	0.031365	0.000149	0.000075	0.000028	0.000037	0.000054	0.000006	0.000349	0.000067	0.967870	0.171106
281	0.031364	0.000144	0.000070	0.000026	0.000034	0.000049	0.000005	0.000329	0.000065	0.967914	0.171107
282	0.031362	0.000140	0.000065	0.000024	0.000032	0.000046	0.000005	0.000307	0.000065	0.967956	0.171108
283	0.031361	0.000136	0.000061	0.000021	0.000031	0.000042	0.000006	0.000286	0.000062	0.967995	0.171110
284	0.031359	0.000131	0.000060	0.000021	0.000027	0.000039	0.000005	0.000269	0.000060	0.968028	0.171111
285	0.031358	0.000126	0.000056	0.000020	0.000025	0.000036	0.000006	0.000251	0.000059	0.968062	0.171112
286	0.031358	0.000122	0.000053	0.000017	0.000024	0.000033	0.000005	0.000238	0.000057	0.968093	0.171113
287	0.031357	0.000118	0.000050	0.000016	0.000022	0.000031	0.000005	0.000225	0.000056	0.968120	0.171115
288	0.031357	0.000114	0.000049	0.000014	0.000023	0.000029	0.000004	0.000208	0.000054	0.968149	0.171117
289	0.031356	0.000110	0.000047	0.000013	0.000022	0.000027	0.000003	0.000196	0.000053	0.968172	0.171117
290	0.031355	0.000107	0.000044	0.000013	0.000021	0.000025	0.000004	0.000182	0.000051	0.968198	0.171119
291	0.031355	0.000103	0.000041	0.000014	0.000019	0.000023	0.000003	0.000171	0.000050	0.968221	0.171119
292	0.031354	0.000101	0.000037	0.000013	0.000017	0.000024	0.000003	0.000158	0.000050	0.968244	0.171120
293	0.031353	0.000099	0.000036	0.000012	0.000016	0.000021	0.000003	0.000147	0.000048	0.968265	0.171121
294	0.031352	0.000098	0.000033	0.000012	0.000016	0.000020	0.000002	0.000139	0.000047	0.968281	0.171122
295	0.031353	0.000096	0.000030	0.000011	0.000015	0.000018	0.000002	0.000130	0.000045	0.968300	0.171124
296	0.031353	0.000093	0.000030	0.000009	0.000014	0.000017	0.000002	0.000122	0.000044	0.968316	0.171125
297	0.031353	0.000091	0.000028	0.000008	0.000013	0.000017	0.000003	0.000113	0.000042	0.968333	0.171126
298	0.031352	0.000090	0.000026	0.000008	0.000013	0.000016	0.000003	0.000106	0.000040	0.968346	0.171127
299	0.031353	0.000087	0.000026	0.000007	0.000012	0.000015	0.000002	0.000100	0.000039	0.968360	0.171128
300	0.031353	0.000085	0.000025	0.000007	0.000010	0.000015	0.000001	0.000094	0.000037	0.968373	0.171129
301	0.031354	0.000084	0.000024	0.000007	0.000010	0.000014	0.000001	0.000088	0.000036	0.968384	0.171130
302	0.031354	0.000082	0.000022	0.000006	0.000009	0.000013	0.000001	0.000083	0.000034	0.968394	0.171131
303	0.031355	0.000081	0.000019	0.000007	0.000009	0.000013	0.000001	0.000078	0.000033	0.968404	0.171132
304	0.031355	0.000081	0.000018	0.000007	0.000008	0.000012	0.000001	0.000072	0.000031	0.968415	0.171133
305	0.031355	0.000079	0.000017	0.000006	0.000009	0.000011	0.000001	0.000069	0.000030	0.968423	0.171134
306	0.031354	0.000079	0.000016	0.000006	0.000008	0.000011	0.000001	0.000065	0.000029	0.968432	0.171134
307	0.031355	0.000078	0.000015	0.000005	0.000008	0.000010	0.000001	0.000061	0.000028	0.968441	0.171135
308	0.031354	0.000078	0.000013	0.000004	0.000007	0.000010	0.000001	0.000057	0.000027	0.968449	0.171136
309	0.031354	0.000077	0.000013	0.000004	0.000007	0.000009	0.000001	0.000054	0.000026	0.968457	0.171137
310	0.031354	0.000077	0.000011	0.000004	0.000006	0.000008	0.000001	0.000051	0.000024	0.968464	0.171137
311	0.031354	0.000076	0.000010	0.000004	0.000006	0.000008	0.000001	0.000046	0.000023	0.968471	0.171138
312	0.031354	0.000075	0.000010	0.000003	0.000006	0.000008	0.000001	0.000042	0.000022	0.968479	0.171139
313	0.031354	0.000075	0.000009	0.000003	0.000005	0.000007	0.000001	0.000040	0.000021	0.968484	0.171139
314	0.031355	0.000075	0.000007	0.000003	0.000005	0.000007	0.000001	0.000037	0.000020	0.968491	0.171140
315	0.031355	0.000074	0.000007	0.000003	0.000004	0.000007	0.000001	0.000035	0.000019	0.968495	0.171141
316	0.031355	0.000073	0.000007	0.000002	0.000004	0.000006	0.000001	0.000033	0.000019	0.968500	0.171141
317	0.031355	0.000072	0.000006	0.000002	0.000004	0.000006	0.000001	0.000032	0.000017	0.968504	0.171142
318	0.031355	0.000072	0.000006	0.000002	0.000004	0.000005	0.000001	0.000030	0.000017	0.968508	0.171142
319	0.031355	0.000072	0.000006	0.000001	0.000003	0.000005	0.000001	0.000028	0.000016	0.968513	0.171143
320	0.031356	0.000071	0.000005	0.000002	0.000002	0.000005	0.000001	0.000027	0.000014	0.968517	0.171143
321	0.031356	0.000071	0.000005	0.000002	0.000002	0.000004	0.000001	0.000025	0.000013	0.968521	0.171144
322	0.031356	0.000070	0.000005	0.000002	0.000002	0.000004	0.000000	0.000024	0.000012	0.968524	0.171144
323	0.031356	0.000070	0.000005	0.000002	0.000002	0.000004	0.000000	0.000022	0.000012	0.968527	0.171144
324	0.031356	0.000070	0.000004	0.000002	0.000003	0.000003	0.000001	0.000021	0.000011	0.968530	0.171145
325	0.031357	0.000070	0.000004	0.000001	0.000002	0.000003	0.000000	0.000021	0.000010	0.968532	0.171145
326	0.031357	0.000070	0.000004	0.000001	0.000002	0.000003	0.000000	0.000019	0.000010	0.968534	0.171146
327	0.031357	0.000069	0.000004	0.000001	0.000002	0.000002	0.000000	0.000017	0.000009	0.968537	0.171146
328	0.031357	0.000069	0.000004	0.000001	0.000002	0.000002	0.000001	0.000016	0.000009	0.968539	0.171146
329	0.031357	0.000068	0.000004	0.000001	0.000002	0.000002	0.000000	0.000016	0.000008	0.968541	0.171147
330	0.031357	0.000068	0.000004	0.000001	0.000002	0.000002	0.000000	0.000014	0.000008	0.968544	0.171147
331	0.031357	0.000068	0.000003	0.000001	0.000002	0.000002	0.000001	0.000013	0.000008	0.968546	0.171147
332	0.031357	0.000067	0.000003	0.000000	0.000002	0.000002	0.000000	0.000013	0.000007	0.968547	0.171147
333	0.031358	0.000067	0.000003	0.000001	0.000002	0.000002	0.000000	0.000013	0.000007	0.968549	0.171148
334	0.031358	0.000067	0.000003	0.000000	0.000002	0.000002	0.000000	0.000012	0.000006	0.968550	0.171148
335	0.031357	0.000067	0.000003	0.000001	0.000002	0.000001	0.000000	0.000011	0.000006	0.968552	0.171148
336	0.031358	0.000066	0.000003	0.000001	0.000002	0.000001	0.000000	0.000010	0.000006	0.968553	0.171148
337	0.031358	0.000066	0.000002	0.000001	0.000001	0.000001	0.000000	0.000010	0.000006	0.968554	0.171148
338	0.031358	0.000066	0.000002	0.000001	0.000001	0.000001	0.000001	0.000009	0.000005	0.968556	0.171149
339	0.031358	0.000066	0.000001	0.000001	0.000001	0.000001	0.000000	0.000008	0.000005	0.968558	0.171149
340	0.031358	0.000066	0.000002	0.000001	0.000001	0.000001	0.000000	0.000008	0.000005	0.968558	0.171149
341	0.031358	0.000066	0.000002	0.000001	0.000001	0.000001	0.000000	0.000007	0.000005	0.968560	0.171149
342	0.031358	0.000066	0.000002	0.000000	0.000001	0.000001	0.000000	0.000007	0.000005	0.968561	0.171149
343	0.031358	0.000066	0.000002	0.000000	0.000001	0.000001	0.000000	0.000006	0.000004	0.968562	0.171149
344	0.031358	0.000066	0.000002	0.000000	0.000000	0.000001	0.000000	0.000006	0.000004	0.968563	0.171149
345	0.031358	0.000065	0.000002	0.000000	0.000000	0.000001	0.000000	0.000006	0.000004	0.968564	0.171149
346	0.031358	0.000065	0.000001	0.000000	0.000000	0.000001	0.000000	0.000005	0.000004	0.968564	0.171149
347	0.031358	0.000066	0.000001	0.000000	0.000001	0.000001	0.000000	0.000005	0.000004	0.968565	0.171149
348	0.031358	0.000066	0.000001	0.000000	0.000001	0.000001	0.000000	0.000005	0.000003	0.968566	0.171149
349	0.031358	0.000066	0.000001	0.000000	0.000001	0.000001	0.000000	0.000005	0.000003	0.968566	0.171150
350	0.031358	0.000066	0.000001	0.000000	0.000001	0.000001	0.000000	0.000004	0.000003	0.968567	0.171150
351	0.031358	0.000066	0.000001	0.000000	0.000001	0.000001	0.000000	0.000004	0.000002	0.968567	0.171150
352	0.031358	0.000065	0.000001	0.000000	0.000001	0.000001	0.000000	0.000004	0.000002	0.968568	0.171150
353	0.031358	0.000065	0.000001	0.000000	0.000001	0.000001	0.000000	0.000004	0.000002	0.968569	0.171150
354	0.031358	0.000065	0.000001	0.000000	0.000001	0.000000	0.000000	0.000004	0.000002	0.968569	0.171150
355	0.031358	0.000065	0.000000	0.000000	0.000001	0.000001	0.000000	0.000003	0.000002	0.968570	0.171150
356	0.031358	0.000065	0.000000	0.000000	0.000000	0.000001	0.000000	0.000003	0.000002	0.968570	0.171150
357	0.031358	0.000065	0.000000	0.000000	0.000000	0.000001	0.000000	0.000003	0.000001	0.968571	0.171150
358	0.031358	0.000065	0.000000	0.000000	0.000001	0.000000	0.000000	0.000003	0.000001	0.968571	0.171150
359	0.031358	0.000065	0.000000	0.000000	0.000001	0.000000	0.000000	0.000003	0.000001	0.968571	0.171150
360	0.031358	0.000065	0.000001	0.000000	0.000000	0.000000	0.000000	0.000002	0.000001	0.968572	0.171150
361	0.031358	0.000065	0.000000	0.000000	0.000000	0.000000	0.000000	0.000002	0.000001	0.968572	0.171150
362	0.031358	0.000065	0.000001	0.000000	0.000000	0.000001	0.000000	0.000002	0.000001	0.968572	0.171150
363	0.031358	0.000065	0.000000	0.000000	0.000000	0.000000	0.000000	0.000002	0.000001	0.968573	0.171150
364	0.031358	0.000065	0.000000	0.000000	0.000000	0.000000	0.000000	0.000002	0.000001	0.968573	0.171150
365	0.031358	0.000065	0.000001	0.000000	0.000000	0.000000	0.000000	0.000002	0.000001	0.968573	0.171150
366	0.031358	0.000065	0.000001	0.000000	0.000000	0.000000	0.000000	0.000002	0.000001	0.968573	0.171150
367	0.031358	0.000065	0.000000	0.000000	0.000000	0.000000	0.000000	0.000002	0.000001	0.968574	0.171150
368	0.031358	0.000065	0.000001	0.000000	0.000000	0.000000	0.000000	0.000002	0.000001	0.968574	0.171150
369	0.031358	0.000065	0.000001	0.000000	0.000000	0.000000	0.000000	0.000002	0.000001	0.968574	0.171150
370	0.031357	0.000065	0.000001	0.000000	0.000000	0.000000	0.000000	0.000001	0.000001	0.968575	0.171150
371	0.031357	0.000065	0.000001	0.000000	0.000000	0.000000	0.000000	0.000001	0.000001	0.968575	0.171150
372	0.031357	0.000065	0.000001	0.000000	0.000000	0.000000	0.000000	0.000001	0.000001	0.968575	0.171150
373	0.031357	0.000065	0.000001	0.000000	0.000000	0.000000	0.000000	0.000001	0.000001	0.968575	0.171150
374	0.031357	0.000065	0.000001	0.000000	0.000000	0.000000	0.000000	0.000001	0.000000	0.968575	0.171151
375	0.031357	0.000065	0.000001	0.000000	0.000000	0.000000	0.000000	0.000001	0.000000	0.968575	0.171151
376	0.031357	0.000065	0.000001	0.000000	0.000000	0.000000	0.000000	0.000001	0.000000	0.968575	0.171151
377	0.031357	0.000065	0.000000	0.000000	0.000000	0.000000	0.000000	0.000001	0.000000	0.968575	0.171151
378	0.031357	0.000065	0.000000	0.000000	0.000000	0.000000	0.000000	0.000001	0.000000	0.968576	0.171151
379	0.031357	0.000065	0.000001	0.000000	0.000000	0.000000	0.000000	0.000001	0.000000	0.968576	0.171151
380	0.031357	0.000065	0.000001	0.000000	0.000000	0.000000	0.000000	0.000001	0.000000	0.968576	0.171151
381	0.031357	0.000065	0.000000	0.000000	0.000000	0.000000	0.000000	0.000001	0.000000	0.968576	0.171151
382	0.031357	0.000065	0.000001	0.000000	0.000000	0.000000	0.000000	0.000001	0.000000	0.968576	0.171151
383	0.031357	0.000065	0.000001	0.000000	0.000000	0.000000	0.000000	0.000001	0.000000	0.968576	0.171151
384	0.031357	0.000065	0.000000	0.000000	0.000000	0.000000	0.000000	0.000001	0.000000	0.968577	0.171151
385	0.031357	0.000065	0.000000	0.000000	0.000000	0.000000	0.000000	0.000001	0.000000	0.968577	0.171151
386	0.031357	0.000064	0.000000	0.000000	0.000000	0.000000	0.000000	0.000001	0.000000	0.968577	0.171151
387	0.031357	0.000064	0.000001	0.000000	0.000000	0.000000	0.000000	0.000001	0.000000	0.968577	0.171151
