0	0.031357	0.000064	0.000000	0.000000	0.000000	0.000000	0.000000	0.000000	0.000000	0.968578	0.171151
0	0.999999	0.000001	0.000000	0.000000	0.000000	0.000000	0.000000	0.000000	0.000000	0.000000	0.171151
1	0.999999	0.000001	0.000000	0.000000	0.000000	0.000000	0.000000	0.000000	0.000000	0.000000	0.171151
2	0.999999	0.000001	0.000000	0.000000	0.000000	0.000000	0.000000	0.000000	0.000000	0.000000	0.171151
3	0.999998	0.000001	0.000000	0.000000	0.000000	0.000000	0.000000	0.000000	0.000000	0.000000	0.171151
4	0.999998	0.000002	0.000000	0.000000	0.000000	0.000000	0.000000	0.000000	0.000000	0.000000	0.171151
5	0.999998	0.000002	0.000000	0.000000	0.000000	0.000000	0.000000	0.000000	0.000000	0.000000	0.171151
6	0.999997	0.000002	0.000000	0.000000	0.000000	0.000000	0.000000	0.000000	0.000000	0.000000	0.171151
7	0.999997	0.000002	0.000000	0.000000	0.000000	0.000000	0.000000	0.000000	0.000000	0.000000	0.171151
8	0.999997	0.000002	0.000000	0.000000	0.000000	0.000000	0.000000	0.000000	0.000000	0.000000	0.171151
9	0.999997	0.000002	0.000001	0.000000	0.000000	0.000000	0.000000	0.000000	0.000000	0.000000	0.171151
10	0.999996	0.000003	0.000000	0.000000	0.000000	0.000000	0.000000	0.000000	0.000000	0.000000	0.171151
11	0.999996	0.000003	0.000000	0.000000	0.000000	0.000000	0.000000	0.000000	0.000000	0.000000	0.171151
12	0.999996	0.000003	0.000001	0.000000	0.000000	0.000000	0.000000	0.000000	0.000000	0.000000	0.171151
13	0.999995	0.000003	0.000001	0.000000	0.000000	0.000000	0.000000	0.000000	0.000000	0.000000	0.171151
14	0.999995	0.000003	0.000001	0.000000	0.000000	0.000000	0.000000	0.000000	0.000000	0.000000	0.171151
15	0.999994	0.000004	0.000001	0.000000	0.000000	0.000000	0.000000	0.000000	0.000000	0.000000	0.171151
16	0.999993	0.000004	0.000002	0.000000	0.000000	0.000000	0.000000	0.000000	0.000000	0.000001	0.171151
17	0.999993	0.000005	0.000001	0.000000	0.000000	0.000000	0.000000	0.000000	0.000000	0.000001	0.171151
18	0.999992	0.000005	0.000002	0.000000	0.000000	0.000000	0.000000	0.000000	0.000000	0.000001	0.171151
19	0.999991	0.000006	0.000002	0.000000	0.000000	0.000000	0.000000	0.000000	0.000000	0.000001	0.171151
20	0.999989	0.000007	0.000002	0.000000	0.000000	0.000000	0.000000	0.000000	0.000000	0.000001	0.171151
21	0.999988	0.000008	0.000003	0.000000	0.000000	0.000000	0.000000	0.000000	0.000000	0.000001	0.171151
22	0.999986	0.000009	0.000003	0.000000	0.000000	0.000000	0.000000	0.000000	0.000000	0.000001	0.171151
23	0.999985	0.000010	0.000002	0.000000	0.000000	0.000000	0.000000	0.000000	0.000000	0.000001	0.171151
24	0.999982	0.000012	0.000003	0.000000	0.000000	0.000000	0.000000	0.000000	0.000000	0.000002	0.171151
25	0.999981	0.000012	0.000003	0.000000	0.000001	0.000000	0.000000	0.000000	0.000000	0.000002	0.171151
26	0.999978	0.000015	0.000004	0.000000	0.000000	0.000000	0.000000	0.000000	0.000000	0.000002	0.171151
27	0.999976	0.000016	0.000004	0.000000	0.000001	0.000000	0.000000	0.000000	0.000000	0.000002	0.171151
28	0.999973	0.000017	0.000004	0.000001	0.000001	0.000000	0.000000	0.000000	0.000000	0.000002	0.171151
29	0.999970	0.000020	0.000005	0.000001	0.000001	0.000000	0.000000	0.000001	0.000000	0.000003	0.171151
30	0.999966	0.000022	0.000006	0.000001	0.000001	0.000000	0.000000	0.000001	0.000000	0.000003	0.171151
31	0.999961	0.000025	0.000007	0.000001	0.000001	0.000000	0.000000	0.000001	0.000000	0.000004	0.171151
32	0.999958	0.000027	0.000008	0.000001	0.000001	0.000000	0.000000	0.000001	0.000000	0.000004	0.171151
33	0.999952	0.000031	0.000008	0.000001	0.000000	0.000001	0.000000	0.000001	0.000000	0.000005	0.171151
34	0.999947	0.000034	0.000009	0.000002	0.000001	0.000001	0.000000	0.000001	0.000000	0.000005	0.171151
35	0.999940	0.000039	0.000010	0.000002	0.000001	0.000001	0.000000	0.000001	0.000000	0.000006	0.171151
36	0.999933	0.000043	0.000011	0.000002	0.000001	0.000001	0.000000	0.000001	0.000000	0.000007	0.171151
37	0.999925	0.000048	0.000012	0.000002	0.000002	0.000001	0.000000	0.000001	0.000000	0.000008	0.171151
38	0.999915	0.000056	0.000012	0.000002	0.000002	0.000001	0.000000	0.000001	0.000000	0.000009	0.171151
39	0.999907	0.000061	0.000013	0.000003	0.000003	0.000001	0.000001	0.000001	0.000000	0.000010	0.171151
40	0.999898	0.000067	0.000015	0.000004	0.000003	0.000001	0.000001	0.000002	0.000000	0.000011	0.171151
41	0.999884	0.000077	0.000016	0.000004	0.000003	0.000002	0.000000	0.000002	0.000000	0.000011	0.171151
42	0.999874	0.000084	0.000019	0.000003	0.000004	0.000002	0.000000	0.000002	0.000000	0.000013	0.171151
43	0.999863	0.000090	0.000021	0.000003	0.000004	0.000002	0.000001	0.000003	0.000000	0.000015	0.171151
44	0.999848	0.000099	0.000023	0.000002	0.000005	0.000002	0.000000	0.000003	0.000000	0.000017	0.171151
45	0.999831	0.000110	0.000027	0.000003	0.000005	0.000002	0.000000	0.000003	0.000000	0.000017	0.171151
46	0.999813	0.000123	0.000030	0.000004	0.000005	0.000002	0.000000	0.000004	0.000000	0.000019	0.171151
47	0.999792	0.000135	0.000035	0.000005	0.000005	0.000003	0.000000	0.000004	0.000000	0.000021	0.171151
48	0.999768	0.000151	0.000039	0.000005	0.000006	0.000003	0.000001	0.000004	0.000000	0.000024	0.171151
49	0.999742	0.000169	0.000043	0.000007	0.000006	0.000003	0.000001	0.000004	0.000000	0.000026	0.171151
50	0.999714	0.000186	0.000047	0.000008	0.000007	0.000004	0.000001	0.000005	0.000000	0.000028	0.171151
51	0.999681	0.000208	0.000052	0.000010	0.000008	0.000004	0.000002	0.000005	0.000000	0.000031	0.171151
52	0.999648	0.000228	0.000060	0.000011	0.000008	0.000004	0.000001	0.000006	0.000000	0.000035	0.171151
53	0.999607	0.000255	0.000066	0.000012	0.000009	0.000004	0.000001	0.000007	0.000000	0.000038	0.171151
54	0.999560	0.000288	0.000071	0.000014	0.000010	0.000006	0.000001	0.000008	0.000000	0.000042	0.171151
55	0.999511	0.000321	0.000080	0.000014	0.000012	0.000006	0.000001	0.000008	0.000000	0.000048	0.171151
56	0.999458	0.000355	0.000088	0.000016	0.000013	0.000007	0.000001	0.000008	0.000000	0.000054	0.171151
57	0.999401	0.000392	0.000097	0.000016	0.000015	0.000008	0.000002	0.000009	0.000000	0.000060	0.171151
58	0.999337	0.000435	0.000105	0.000019	0.000017	0.000008	0.000003	0.000010	0.000000	0.000066	0.171151
59	0.999263	0.000483	0.000117	0.000020	0.000019	0.000010	0.000003	0.000012	0.000000	0.000074	0.171151
60	0.999187	0.000534	0.000127	0.000023	0.000021	0.000011	0.000003	0.000013	0.000000	0.000082	0.171151
61	0.999097	0.000594	0.000139	0.000024	0.000025	0.000012	0.000004	0.000014	0.000000	0.000091	0.171151
62	0.999001	0.000657	0.000152	0.000026	0.000026	0.000014	0.000004	0.000016	0.000000	0.000103	0.171151
63	0.998895	0.000726	0.000171	0.000028	0.000029	0.000016	0.000003	0.000018	0.000000	0.000114	0.171151
64	0.998778	0.000802	0.000189	0.000033	0.000032	0.000018	0.000004	0.000020	0.000000	0.000125	0.171151
65	0.998650	0.000885	0.000207	0.000036	0.000037	0.000020	0.000006	0.000021	0.000000	0.000138	0.171151
66	0.998504	0.000980	0.000236	0.000038	0.000038	0.000022	0.000005	0.000025	0.000000	0.000153	0.171151
67	0.998346	0.001081	0.000263	0.000043	0.000041	0.000025	0.000005	0.000028	0.000000	0.000168	0.171151
68	0.998160	0.001205	0.000290	0.000048	0.000046	0.000028	0.000005	0.000031	0.000000	0.000187	0.171151
69	0.997960	0.001334	0.000329	0.000049	0.000052	0.000031	0.000006	0.000034	0.000000	0.000205	0.171151
70	0.997739	0.001478	0.000365	0.000057	0.000056	0.000033	0.000008	0.000037	0.000000	0.000227	0.171151
71	0.997492	0.001642	0.000401	0.000064	0.000062	0.000037	0.000008	0.000040	0.000000	0.000252	0.171151
72	0.997213	0.001822	0.000454	0.000068	0.000069	0.000042	0.000009	0.000044	0.000000	0.000279	0.171151
73	0.996912	0.002019	0.000500	0.000077	0.000079	0.000046	0.000012	0.000049	0.000000	0.000308	0.171151
74	0.996576	0.002242	0.000552	0.000085	0.000087	0.000050	0.000013	0.000054	0.000000	0.000341	0.171151
75	0.996205	0.002488	0.000604	0.000097	0.000096	0.000056	0.000012	0.000062	0.000000	0.000380	0.171151
76	0.995812	0.002736	0.000676	0.000107	0.000104	0.000063	0.000013	0.000067	0.000000	0.000421	0.171151
77	0.995356	0.003033	0.000754	0.000115	0.000118	0.000068	0.000016	0.000074	0.000000	0.000466	0.171151
78	0.994860	0.003354	0.000831	0.000138	0.000130	0.000075	0.000020	0.000081	0.000000	0.000511	0.171151
79	0.994313	0.003712	0.000912	0.000156	0.000144	0.000083	0.000024	0.000090	0.000000	0.000566	0.171151
80	0.993685	0.004130	0.001007	0.000172	0.000158	0.000093	0.000021	0.000102	0.000001	0.000631	0.171151
81	0.993005	0.004576	0.001109	0.000189	0.000179	0.000102	0.000025	0.000113	0.000001	0.000701	0.171151
82	0.992256	0.005065	0.001225	0.000212	0.000194	0.000112	0.000030	0.000126	0.000001	0.000778	0.171151
83	0.991424	0.005615	0.001349	0.000235	0.000220	0.000123	0.000029	0.000141	0.000001	0.000864	0.171151
84	0.990513	0.006206	0.001493	0.000253	0.000244	0.000140	0.000032	0.000155	0.000002	0.000962	0.171151
85	0.989499	0.006859	0.001668	0.000280	0.000268	0.000153	0.000039	0.000169	0.000002	0.001063	0.171151
86	0.988371	0.007592	0.001845	0.000310	0.000301	0.000168	0.000043	0.000188	0.000002	0.001180	0.171151
87	0.987123	0.008412	0.002036	0.000343	0.000335	0.000184	0.000047	0.000210	0.000002	0.001307	0.171151
88	0.985753	0.009311	0.002246	0.000376	0.000375	0.000203	0.000051	0.000233	0.000002	0.001448	0.171151
89	0.984263	0.010262	0.002504	0.000413	0.000412	0.000226	0.000055	0.000259	0.000003	0.001604	0.171151
90	0.982592	0.011340	0.002779	0.000454	0.000458	0.000251	0.000062	0.000287	0.000003	0.001774	0.171151
91	0.980747	0.012531	0.003086	0.000495	0.000507	0.000279	0.000068	0.000320	0.000003	0.001965	0.171151
92	0.978710	0.013849	0.003411	0.000554	0.000561	0.000309	0.000077	0.000353	0.000003	0.002173	0.171151
93	0.976442	0.015322	0.003766	0.000615	0.000628	0.000341	0.000085	0.000388	0.000004	0.002409	0.171151
94	0.973977	0.016911	0.004160	0.000689	0.000690	0.000378	0.000095	0.000430	0.000004	0.002666	0.171151
95	0.971235	0.018661	0.004623	0.000770	0.000753	0.000417	0.000103	0.000480	0.000005	0.002954	0.171151
96	0.968190	0.020644	0.005097	0.000859	0.000832	0.000459	0.000116	0.000529	0.000005	0.003268	0.171151
97	0.964860	0.022785	0.005644	0.000926	0.000924	0.000512	0.000131	0.000585	0.000006	0.003628	0.171151
98	0.961202	0.025140	0.006226	0.001033	0.001032	0.000567	0.000140	0.000653	0.000006	0.004002	0.171151
99	0.957168	0.027727	0.006883	0.001128	0.001130	0.000632	0.000156	0.000720	0.000007	0.004448	0.171151
100	0.952674	0.030613	0.007601	0.001261	0.001253	0.000695	0.000175	0.000794	0.000007	0.004927	0.171151
101	0.947829	0.033686	0.008428	0.001386	0.001368	0.000771	0.000184	0.000882	0.000008	0.005460	0.171151
102	0.942460	0.037127	0.009287	0.001530	0.001516	0.000847	0.000205	0.000976	0.000009	0.006043	0.171151
103	0.936626	0.040794	0.010269	0.001700	0.001672	0.000932	0.000229	0.001079	0.000010	0.006688	0.171151
104	0.930184	0.044892	0.011293	0.001891	0.001862	0.001034	0.000255	0.001191	0.000011	0.007386	0.171151
105	0.923285	0.049280	0.012470	0.002078	0.002048	0.001143	0.000281	0.001219	0.000012	0.008183	0.171245
106	0.915786	0.054099	0.013688	0.002302	0.002258	0.001266	0.000306	0.001218	0.000013	0.009064	0.171384
107	0.907683	0.059229	0.015061	0.002551	0.002477	0.001387	0.000348	0.001216	0.000015	0.010033	0.171534
108	0.898884	0.064754	0.016576	0.002796	0.002739	0.001530	0.000381	0.001214	0.000017	0.011109	0.171710
109	0.889323	0.070746	0.018198	0.003087	0.003029	0.001693	0.000421	0.001209	0.000019	0.012275	0.171898
110	0.879013	0.077149	0.019962	0.003412	0.003344	0.001869	0.000462	0.001205	0.000021	0.013562	0.172105
111	0.867789	0.084131	0.021891	0.003743	0.003697	0.002053	0.000494	0.001204	0.000022	0.014976	0.172337
112	0.855757	0.091495	0.023994	0.004094	0.004073	0.002269	0.000551	0.001200	0.000024	0.016543	0.172577
113	0.842841	0.099327	0.026305	0.004459	0.004463	0.002490	0.000620	0.001200	0.000026	0.018268	0.172848
114	0.828936	0.107767	0.028700	0.004904	0.004904	0.002744	0.000675	0.001201	0.000029	0.020140	0.173155
115	0.814080	0.116662	0.031331	0.005360	0.005365	0.003020	0.000729	0.001198	0.000032	0.022223	0.173499
116	0.798282	0.125942	0.034183	0.005873	0.005871	0.003324	0.000797	0.001203	0.000034	0.024490	0.173865
117	0.781385	0.135824	0.037178	0.006438	0.006456	0.003665	0.000875	0.001199	0.000036	0.026945	0.174270
118	0.763493	0.146147	0.040388	0.007038	0.007080	0.004022	0.000949	0.001197	0.000039	0.029648	0.174721
119	0.744641	0.156797	0.043848	0.007657	0.007737	0.004411	0.001042	0.001199	0.000042	0.032626	0.175212
120	0.724705	0.167972	0.047454	0.008351	0.008470	0.004826	0.001136	0.001199	0.000043	0.035846	0.175754
121	0.703839	0.179389	0.051377	0.009071	0.009208	0.005280	0.001231	0.001195	0.000045	0.039365	0.176353
122	0.681978	0.191196	0.055369	0.009891	0.010043	0.005773	0.001330	0.001197	0.000048	0.043175	0.177005
123	0.659164	0.203243	0.059594	0.010741	0.010894	0.006316	0.001463	0.001189	0.000050	0.047346	0.177696
124	0.635581	0.215369	0.064065	0.011604	0.011806	0.006871	0.001570	0.001193	0.000052	0.051891	0.178473
125	0.611164	0.227562	0.068743	0.012558	0.012774	0.007471	0.001693	0.001190	0.000054	0.056791	0.179308
126	0.586017	0.239679	0.073668	0.013546	0.013822	0.008113	0.001822	0.001192	0.000057	0.062084	0.180200
127	0.560246	0.251708	0.078712	0.014585	0.014919	0.008796	0.001973	0.001194	0.000060	0.067807	0.181180
128	0.533995	0.263447	0.083870	0.015684	0.016110	0.009526	0.002132	0.001188	0.000062	0.073986	0.182243
129	0.507256	0.274975	0.089150	0.016846	0.017297	0.010290	0.002290	0.001187	0.000065	0.080644	0.183381
130	0.480251	0.286052	0.094452	0.018068	0.018587	0.011108	0.002438	0.001190	0.000067	0.087786	0.184604
131	0.453229	0.296376	0.099906	0.019259	0.019928	0.011936	0.002612	0.001190	0.000071	0.095492	0.185926
132	0.426089	0.306104	0.105383	0.020498	0.021335	0.012833	0.002793	0.001187	0.000073	0.103705	0.187325
133	0.399165	0.315046	0.110789	0.021707	0.022742	0.013802	0.002973	0.001190	0.000074	0.112510	0.188830
134	0.372512	0.323045	0.116130	0.022953	0.024236	0.014811	0.003169	0.001191	0.000075	0.121877	0.190438
135	0.346379	0.329909	0.121438	0.024246	0.025701	0.015818	0.003361	0.001186	0.000077	0.131884	0.192163
136	0.320885	0.335515	0.126738	0.025561	0.027208	0.016856	0.003521	0.001185	0.000079	0.142452	0.193998
137	0.296085	0.340029	0.131684	0.026855	0.028818	0.017940	0.003701	0.001187	0.000080	0.153620	0.195925
138	0.272142	0.343172	0.136627	0.028142	0.030308	0.019042	0.003874	0.001190	0.000083	0.165421	0.197961
139	0.249150	0.345014	0.141234	0.029447	0.031883	0.020200	0.004048	0.001187	0.000084	0.177753	0.200103
140	0.227202	0.345432	0.145573	0.030691	0.033418	0.021368	0.004261	0.001188	0.000087	0.190781	0.202317
141	0.206522	0.344319	0.149650	0.031913	0.034953	0.022564	0.004440	0.001188	0.000089	0.204362	0.204661
142	0.187103	0.341874	0.153195	0.033118	0.036465	0.023754	0.004590	0.001188	0.000091	0.218623	0.207098
143	0.168952	0.337995	0.156417	0.034253	0.037885	0.024950	0.004777	0.001191	0.000093	0.233487	0.209636
144	0.152049	0.332948	0.159116	0.035273	0.039335	0.026118	0.004971	0.001191	0.000095	0.248905	0.212272
145	0.136532	0.326604	0.161361	0.036306	0.040638	0.027292	0.005144	0.001191	0.000096	0.264836	0.214985
146	0.122377	0.319029	0.163106	0.037245	0.041888	0.028433	0.005274	0.001192	0.000097	0.281358	0.217841
147	0.109511	0.310369	0.164357	0.038048	0.043130	0.029554	0.005372	0.001194	0.000098	0.298367	0.220774
148	0.097895	0.300744	0.165099	0.038767	0.044206	0.030669	0.005503	0.001194	0.000101	0.315821	0.223745
149	0.087560	0.290262	0.165179	0.039434	0.045193	0.031734	0.005617	0.001194	0.000101	0.333725	0.226809
150	0.078376	0.279041	0.164823	0.039899	0.045992	0.032784	0.005718	0.001197	0.000102	0.352067	0.229925
151	0.070318	0.267188	0.163963	0.040204	0.046670	0.033725	0.005836	0.001192	0.000104	0.370801	0.233101
152	0.063207	0.255049	0.162523	0.040400	0.047289	0.034642	0.005853	0.001197	0.000106	0.389734	0.236358
153	0.057032	0.242603	0.160533	0.040549	0.047703	0.035483	0.005915	0.001193	0.000107	0.408883	0.239613
154	0.051704	0.229947	0.158086	0.040512	0.048050	0.036270	0.005941	0.001194	0.000107	0.428189	0.242937
155	0.047140	0.217294	0.155128	0.040413	0.048221	0.036946	0.005981	0.001193	0.000107	0.447577	0.246245
156	0.043261	0.204739	0.151747	0.040054	0.048246	0.037521	0.006006	0.001194	0.000107	0.467125	0.249587
157	0.039995	0.192377	0.147837	0.039670	0.048166	0.037992	0.006018	0.001193	0.000108	0.486644	0.252947
158	0.037244	0.180274	0.143660	0.039159	0.047857	0.038419	0.005979	0.001190	0.000108	0.506109	0.256303
159	0.034995	0.168495	0.139138	0.038589	0.047459	0.038713	0.005935	0.001194	0.000109	0.525372	0.259656
160	0.033109	0.157143	0.134384	0.037751	0.046922	0.038931	0.005871	0.001195	0.000110	0.544583	0.262981
161	0.031547	0.146367	0.129279	0.036931	0.046221	0.038991	0.005831	0.001191	0.000110	0.563532	0.266263
162	0.030313	0.136033	0.124110	0.035897	0.045393	0.038974	0.005738	0.001192	0.000111	0.582239	0.269532
163	0.029308	0.126318	0.118627	0.034880	0.044442	0.038863	0.005619	0.001191	0.000110	0.600642	0.272763
164	0.028503	0.117142	0.113155	0.033780	0.043285	0.038607	0.005513	0.001187	0.000112	0.618716	0.275910
165	0.027882	0.108519	0.107547	0.032671	0.042095	0.038268	0.005387	0.001190	0.000111	0.636330	0.278986
166	0.027411	0.100511	0.101933	0.031402	0.040841	0.037843	0.005252	0.001189	0.000112	0.653505	0.282017
167	0.027052	0.093106	0.096366	0.030054	0.039490	0.037295	0.005133	0.001189	0.000111	0.670205	0.284964
168	0.026780	0.086241	0.090875	0.028732	0.038044	0.036678	0.004975	0.001189	0.000112	0.686373	0.287838
169	0.026643	0.079889	0.085428	0.027452	0.036567	0.035979	0.004816	0.001187	0.000111	0.701928	0.290635
170	0.026528	0.074089	0.080112	0.026055	0.035048	0.035199	0.004683	0.001185	0.000111	0.716991	0.293337
171	0.026519	0.068776	0.074959	0.024652	0.033521	0.034366	0.004523	0.001196	0.000111	0.731375	0.295945
172	0.026573	0.063891	0.069994	0.023278	0.031985	0.033450	0.004356	0.001188	0.000112	0.745173	0.298489
173	0.026661	0.059434	0.065297	0.021911	0.030410	0.032461	0.004187	0.001191	0.000112	0.758337	0.300941
174	0.026757	0.055337	0.060759	0.020705	0.028795	0.031450	0.004040	0.001191	0.000112	0.770854	0.303280
175	0.026907	0.051608	0.056452	0.019393	0.027240	0.030358	0.003882	0.001194	0.000113	0.782854	0.305541
176	0.027085	0.048228	0.052354	0.018188	0.025676	0.029239	0.003713	0.001192	0.000112	0.794213	0.307718
177	0.027276	0.045087	0.048541	0.017038	0.024159	0.028136	0.003549	0.001192	0.000112	0.804910	0.309784
178	0.027482	0.042263	0.044919	0.015878	0.022707	0.026983	0.003392	0.001194	0.000112	0.815070	0.311767
179	0.027731	0.039585	0.041626	0.014838	0.021267	0.025849	0.003215	0.001192	0.000113	0.824585	0.313661
180	0.027950	0.037190	0.038546	0.013761	0.019888	0.024669	0.003100	0.001192	0.000112	0.833592	0.315455
181	0.028208	0.034934	0.035752	0.012775	0.018531	0.023491	0.002939	0.001189	0.000113	0.842068	0.317177
182	0.028432	0.032877	0.033131	0.011869	0.017293	0.022331	0.002784	0.001192	0.000112	0.849977	0.318811
183	0.028692	0.030915	0.030764	0.010996	0.016114	0.021199	0.002633	0.001190	0.000112	0.857383	0.320360
184	0.028925	0.029119	0.028576	0.010210	0.014982	0.020067	0.002491	0.001191	0.000112	0.864326	0.321825
185	0.029166	0.027433	0.026587	0.009450	0.013909	0.018976	0.002348	0.001196	0.000112	0.870823	0.323219
186	0.029379	0.025856	0.024782	0.008758	0.012924	0.017911	0.002217	0.001189	0.000111	0.876873	0.324520
187	0.029578	0.024370	0.023152	0.008134	0.011984	0.016861	0.002116	0.001194	0.000112	0.882500	0.325737
188	0.029809	0.022970	0.021592	0.007596	0.011145	0.015848	0.001995	0.001196	0.000113	0.887736	0.326903
189	0.030012	0.021646	0.020189	0.007075	0.010346	0.014890	0.001895	0.001191	0.000113	0.892643	0.327998
190	0.030217	0.020372	0.018935	0.006568	0.009627	0.013967	0.001769	0.001192	0.000114	0.897240	0.329037
191	0.030410	0.019173	0.017756	0.006117	0.008946	0.013112	0.001644	0.001188	0.000115	0.901538	0.330002
192	0.030573	0.018062	0.016649	0.005704	0.008317	0.012289	0.001553	0.001189	0.000116	0.905545	0.330904
193	0.030746	0.016999	0.015647	0.005310	0.007755	0.011482	0.001455	0.001195	0.000116	0.909296	0.331756
194	0.030891	0.016000	0.014706	0.004977	0.007240	0.010737	0.001383	0.001193	0.000117	0.912757	0.332542
195	0.031018	0.015060	0.013852	0.004646	0.006750	0.010052	0.001307	0.001193	0.000117	0.916005	0.333281
196	0.031156	0.014189	0.013000	0.004336	0.006317	0.009403	0.001228	0.001187	0.000118	0.919065	0.333984
197	0.031290	0.013318	0.012259	0.004057	0.005898	0.008777	0.001140	0.001196	0.000117	0.921948	0.334637
198	0.031416	0.012499	0.011583	0.003800	0.005519	0.008207	0.001065	0.001189	0.000116	0.924606	0.335248
199	0.031518	0.011740	0.010922	0.003588	0.005171	0.007656	0.000982	0.001190	0.000115	0.927117	0.335820
200	0.031601	0.010998	0.010281	0.003403	0.004838	0.007144	0.000936	0.001191	0.000116	0.929492	0.336334
201	0.031685	0.010321	0.009699	0.003201	0.004533	0.006665	0.000876	0.001193	0.000116	0.931712	0.336828
202	0.031767	0.009692	0.009126	0.003032	0.004247	0.006236	0.000823	0.001188	0.000117	0.933772	0.337291
203	0.031830	0.009086	0.008606	0.002850	0.003994	0.005839	0.000754	0.001191	0.000117	0.935733	0.337719
204	0.031870	0.008534	0.008105	0.002663	0.003759	0.005445	0.000718	0.001192	0.000116	0.937597	0.338102
205	0.031939	0.007985	0.007631	0.002496	0.003541	0.005098	0.000663	0.001195	0.000117	0.939335	0.338474
206	0.031977	0.007500	0.007155	0.002370	0.003339	0.004764	0.000633	0.001190	0.000118	0.940953	0.338810
207	0.032020	0.007032	0.006735	0.002244	0.003117	0.004458	0.000587	0.001187	0.000118	0.942501	0.339133
208	0.032041	0.006611	0.006326	0.002119	0.002926	0.004165	0.000564	0.001190	0.000119	0.943940	0.339420
209	0.032074	0.006179	0.005966	0.001995	0.002758	0.003904	0.000514	0.001189	0.000118	0.945302	0.339698
210	0.032100	0.005795	0.005608	0.001862	0.002599	0.003652	0.000482	0.001190	0.000120	0.946590	0.339950
211	0.032122	0.005440	0.005262	0.001746	0.002448	0.003424	0.000452	0.001188	0.000121	0.947797	0.340186
212	0.032141	0.005095	0.004931	0.001651	0.002311	0.003207	0.000415	0.001189	0.000122	0.948938	0.340397
213	0.032149	0.004784	0.004619	0.001544	0.002171	0.003026	0.000382	0.001189	0.000122	0.950013	0.340593
214	0.032146	0.004484	0.004331	0.001454	0.002044	0.002856	0.000359	0.001191	0.000123	0.951013	0.340768
215	0.032152	0.004204	0.004036	0.001374	0.001920	0.002695	0.000333	0.001193	0.000122	0.951971	0.340932
216	0.032148	0.003938	0.003803	0.001276	0.001801	0.002532	0.000312	0.001193	0.000123	0.952875	0.341079
217	0.032142	0.003693	0.003567	0.001209	0.001693	0.002379	0.000289	0.001193	0.000123	0.953712	0.341221
218	0.032127	0.003465	0.003334	0.001135	0.001588	0.002230	0.000278	0.001188	0.000124	0.954530	0.341341
219	0.032108	0.003255	0.003111	0.001068	0.001488	0.002092	0.000264	0.001191	0.000125	0.955298	0.341451
220	0.032101	0.003056	0.002922	0.000991	0.001392	0.001965	0.000243	0.001193	0.000125	0.956011	0.341560
221	0.032092	0.002866	0.002731	0.000937	0.001317	0.001846	0.000230	0.001191	0.000125	0.956665	0.341659
222	0.032087	0.002684	0.002557	0.000868	0.001246	0.001725	0.000215	0.001192	0.000126	0.957300	0.341749
223	0.032076	0.002517	0.002404	0.000804	0.001177	0.001621	0.000192	0.001191	0.000126	0.957893	0.341832
224	0.032056	0.002354	0.002256	0.000750	0.001100	0.001521	0.000183	0.001193	0.000126	0.958461	0.341899
225	0.032036	0.002210	0.002110	0.000699	0.001030	0.001425	0.000179	0.001190	0.000125	0.958995	0.341961
226	0.032013	0.002061	0.001984	0.000659	0.000967	0.001343	0.000169	0.001194	0.000125	0.959484	0.342015
227	0.031997	0.001928	0.001862	0.000619	0.000912	0.001256	0.000156	0.001195	0.000124	0.959951	0.342071
228	0.031979	0.001808	0.001732	0.000589	0.000853	0.001182	0.000149	0.001194	0.000123	0.960392	0.342121
229	0.031960	0.001697	0.001614	0.000554	0.000794	0.001113	0.000137	0.001196	0.000123	0.960813	0.342163
230	0.031944	0.001585	0.001526	0.000520	0.000742	0.001038	0.000124	0.001190	0.000123	0.961210	0.342205
231	0.031914	0.001487	0.001419	0.000490	0.000703	0.000975	0.000124	0.001190	0.000121	0.961578	0.342230
232	0.031890	0.001391	0.001335	0.000461	0.000656	0.000907	0.000118	0.001194	0.000119	0.961929	0.342256
233	0.031867	0.001311	0.001248	0.000432	0.000614	0.000853	0.000104	0.001188	0.000118	0.962266	0.342284
234	0.031834	0.001231	0.001175	0.000399	0.000566	0.000799	0.000100	0.001191	0.000117	0.962588	0.342296
235	0.031810	0.001155	0.001102	0.000371	0.000530	0.000747	0.000089	0.001190	0.000116	0.962890	0.342311
236	0.031777	0.001081	0.001036	0.000348	0.000496	0.000701	0.000084	0.001193	0.000115	0.963167	0.342319
237	0.031747	0.001022	0.000960	0.000331	0.000464	0.000655	0.000079	0.001189	0.000115	0.963438	0.342327
238	0.031715	0.000962	0.000887	0.000312	0.000437	0.000616	0.000079	0.001185	0.000113	0.963694	0.342330
239	0.031683	0.000901	0.000836	0.000292	0.000410	0.000579	0.000070	0.001183	0.000112	0.963934	0.342332
240	0.031654	0.000841	0.000785	0.000273	0.000380	0.000545	0.000067	0.001177	0.000110	0.964167	0.342334
241	0.031629	0.000788	0.000737	0.000254	0.000354	0.000513	0.000060	0.001171	0.000110	0.964384	0.342337
242	0.031607	0.000738	0.000689	0.000238	0.000334	0.000479	0.000061	0.001158	0.000109	0.964587	0.342339
243	0.031584	0.000694	0.000646	0.000224	0.000321	0.000454	0.000051	0.001143	0.000108	0.964775	0.342342
244	0.031561	0.000657	0.000600	0.000207	0.000299	0.000425	0.000052	0.001127	0.000109	0.964963	0.342344
245	0.031538	0.000621	0.000568	0.000193	0.000281	0.000397	0.000049	0.001111	0.000107	0.965136	0.342346
246	0.031521	0.000584	0.000528	0.000178	0.000267	0.000371	0.000048	0.001092	0.000106	0.965306	0.342349
247	0.031506	0.000546	0.000497	0.000165	0.000253	0.000344	0.000042	0.001075	0.000105	0.965466	0.342351
248	0.031490	0.000513	0.000462	0.000158	0.000235	0.000323	0.000041	0.001055	0.000105	0.965617	0.342352
249	0.031477	0.000485	0.000429	0.000149	0.000219	0.000305	0.000037	0.001034	0.000104	0.965761	0.342354
250	0.031463	0.000454	0.000408	0.000135	0.000202	0.000287	0.000034	0.001012	0.000104	0.965900	0.342356
251	0.031451	0.000429	0.000382	0.000124	0.000192	0.000267	0.000035	0.000987	0.000101	0.966032	0.342360
252	0.031440	0.000406	0.000355	0.000116	0.000181	0.000254	0.000030	0.000959	0.000101	0.966158	0.342362
253	0.031428	0.000383	0.000332	0.000106	0.000169	0.000237	0.000030	0.000931	0.000100	0.966283	0.342364
254	0.031421	0.000361	0.000308	0.000102	0.000158	0.000222	0.000027	0.000903	0.000097	0.966400	0.342368
255	0.031412	0.000341	0.000283	0.000102	0.000147	0.000206	0.000028	0.000876	0.000095	0.966509	0.342369
256	0.031402	0.000326	0.000266	0.000093	0.000139	0.000192	0.000025	0.000851	0.000094	0.966613	0.342372
257	0.031392	0.000312	0.000242	0.000093	0.000132	0.000179	0.000022	0.000825	0.000093	0.966710	0.342374
258	0.031384	0.000298	0.000222	0.000085	0.000124	0.000168	0.000021	0.000798	0.000091	0.966808	0.342375
259	0.031377	0.000284	0.000208	0.000080	0.000117	0.000158	0.000017	0.000767	0.000089	0.966903	0.342378
260	0.031371	0.000269	0.000196	0.000075	0.000107	0.000146	0.000019	0.000734	0.000089	0.966995	0.342379
261	0.031364	0.000258	0.000184	0.000067	0.000098	0.000136	0.000017	0.000707	0.000088	0.967081	0.342381
262	0.031359	0.000246	0.000173	0.000061	0.000090	0.000128	0.000014	0.000676	0.000087	0.967167	0.342383
263	0.031353	0.000236	0.000162	0.000053	0.000084	0.000120	0.000013	0.000649	0.000086	0.967244	0.342384
264	0.031347	0.000226	0.000151	0.000050	0.000075	0.000114	0.000013	0.000619	0.000084	0.967320	0.342385
265	0.031342	0.000217	0.000140	0.000047	0.000072	0.000106	0.000011	0.000593	0.000083	0.967389	0.342387
266	0.031340	0.000204	0.000133	0.000047	0.000066	0.000099	0.000010	0.000564	0.000081	0.967456	0.342389
267	0.031336	0.000198	0.000123	0.000044	0.000060	0.000091	0.000011	0.000539	0.000079	0.967518	0.342392
268	0.031334	0.000188	0.000116	0.000043	0.000055	0.000086	0.000010	0.000513	0.000077	0.967578	0.342394
269	0.031330	0.000181	0.000110	0.000038	0.000052	0.000080	0.000009	0.000487	0.000076	0.967636	0.342395
270	0.031328	0.000173	0.000103	0.000036	0.000050	0.000074	0.000008	0.000467	0.000074	0.967688	0.342397
271	0.031325	0.000166	0.000099	0.000030	0.000047	0.000070	0.000008	0.000441	0.000073	0.967741	0.342398
272	0.031323	0.000158	0.000096	0.000027	0.000045	0.000065	0.000008	0.000417	0.000071	0.967789	0.342400
273	0.031321	0.000151	0.000092	0.000026	0.000043	0.000061	0.000006	0.000393	0.000070	0.967838	0.342401
274	0.031319	0.000146	0.000084	0.000027	0.000041	0.000057	0.000007	0.000370	0.000069	0.967879	0.342403
275	0.031317	0.000142	0.000079	0.000028	0.000038	0.000054	0.000005	0.000350	0.000067	0.967919	0.342405
276	0.031315	0.000138	0.000074	0.000025	0.000037	0.000051	0.000005	0.000331	0.000065	0.967958	0.342406
277	0.031313	0.000132	0.000070	0.000023	0.000036	0.000048	0.000004	0.000312	0.000063	0.967998	0.342408
278	0.031313	0.000126	0.000067	0.000024	0.000032	0.000046	0.000005	0.000292	0.000061	0.968035	0.342410
279	0.031312	0.000122	0.000061	0.000023	0.000030	0.000041	0.000006	0.000274	0.000060	0.968071	0.342411
280	0.031312	0.000117	0.000058	0.000022	0.000028	0.000038	0.000005	0.000259	0.000058	0.968104	0.342413
281	0.031312	0.000114	0.000053	0.000020	0.000026	0.000036	0.000005	0.000241	0.000057	0.968136	0.342415
282	0.031311	0.000112	0.000047	0.000019	0.000025	0.000034	0.000004	0.000225	0.000056	0.968167	0.342416
283	0.031311	0.000108	0.000045	0.000017	0.000021	0.000033	0.000004	0.000212	0.000054	0.968195	0.342418
284	0.031310	0.000105	0.000043	0.000015	0.000021	0.000030	0.000003	0.000199	0.000053	0.968221	0.342419
285	0.031310	0.000102	0.000042	0.000013	0.000019	0.000029	0.000003	0.000186	0.000052	0.968245	0.342420
286	0.031309	0.000099	0.000039	0.000013	0.000018	0.000026	0.000003	0.000174	0.000049	0.968268	0.342421
287	0.031308	0.000098	0.000036	0.000012	0.000018	0.000024	0.000003	0.000162	0.000048	0.968291	0.342422
288	0.031308	0.000096	0.000033	0.000010	0.000016	0.000023	0.000002	0.000152	0.000046	0.968312	0.342424
289	0.031308	0.000094	0.000031	0.000009	0.000015	0.000021	0.000003	0.000141	0.000045	0.968332	0.342425
290	0.031307	0.000093	0.000029	0.000009	0.000015	0.000019	0.000002	0.000132	0.000044	0.968349	0.342426
291	0.031307	0.000090	0.000027	0.000009	0.000014	0.000018	0.000002	0.000123	0.000042	0.968366	0.342427
292	0.031307	0.000089	0.000025	0.000008	0.000014	0.000017	0.000003	0.000114	0.000041	0.968382	0.342428
293	0.031307	0.000087	0.000024	0.000007	0.000013	0.000016	0.000002	0.000108	0.000040	0.968395	0.342429
294	0.031307	0.000086	0.000022	0.000008	0.000013	0.000016	0.000002	0.000101	0.000039	0.968407	0.342430
295	0.031307	0.000084	0.000021	0.000008	0.000012	0.000015	0.000002	0.000094	0.000037	0.968420	0.342431
296	0.031307	0.000083	0.000019	0.000008	0.000011	0.000014	0.000001	0.000089	0.000036	0.968432	0.342432
297	0.031308	0.000081	0.000018	0.000008	0.000010	0.000013	0.000001	0.000083	0.000034	0.968443	0.342433
298	0.031308	0.000079	0.000018	0.000007	0.000010	0.000012	0.000001	0.000076	0.000034	0.968455	0.342434
299	0.031308	0.000078	0.000018	0.000007	0.000009	0.000011	0.000001	0.000070	0.000033	0.968465	0.342435
300	0.031308	0.000076	0.000017	0.000006	0.000009	0.000010	0.000001	0.000066	0.000031	0.968475	0.342436
301	0.031308	0.000076	0.000016	0.000005	0.000008	0.000010	0.000001	0.000063	0.000030	0.968483	0.342437
302	0.031308	0.000075	0.000015	0.000004	0.000008	0.000010	0.000001	0.000059	0.000029	0.968491	0.342437
303	0.031308	0.000075	0.000014	0.000004	0.000007	0.000009	0.000001	0.000054	0.000028	0.968500	0.342438
304	0.031307	0.000073	0.000013	0.000004	0.000007	0.000009	0.000001	0.000050	0.000028	0.968507	0.342438
305	0.031307	0.000072	0.000013	0.000004	0.000007	0.000009	0.000001	0.000048	0.000026	0.968512	0.342438
306	0.031307	0.000072	0.000011	0.000003	0.000007	0.000008	0.000001	0.000046	0.000026	0.968519	0.342439
307	0.031307	0.000072	0.000010	0.000003	0.000006	0.000007	0.000001	0.000042	0.000025	0.968526	0.342440
308	0.031308	0.000071	0.000010	0.000002	0.000006	0.000007	0.000001	0.000040	0.000024	0.968531	0.342441
309	0.031308	0.000071	0.000009	0.000002	0.000005	0.000006	0.000001	0.000037	0.000023	0.968538	0.342442
310	0.031308	0.000071	0.000007	0.000003	0.000005	0.000006	0.000001	0.000036	0.000021	0.968542	0.342442
311	0.031309	0.000070	0.000007	0.000002	0.000004	0.000006	0.000001	0.000034	0.000020	0.968547	0.342443
312	0.031309	0.000070	0.000007	0.000002	0.000004	0.000006	0.000001	0.000032	0.000019	0.968551	0.342443
313	0.031309	0.000069	0.000007	0.000002	0.000004	0.000005	0.000000	0.000030	0.000018	0.968555	0.342444
314	0.031310	0.000069	0.000007	0.000002	0.000003	0.000004	0.000000	0.000029	0.000017	0.968558	0.342445
315	0.031310	0.000067	0.000007	0.000002	0.000003	0.000004	0.000000	0.000028	0.000016	0.968562	0.342445
316	0.031311	0.000067	0.000007	0.000002	0.000003	0.000004	0.000000	0.000026	0.000015	0.968566	0.342446
317	0.031311	0.000066	0.000006	0.000002	0.000002	0.000004	0.000001	0.000023	0.000014	0.968571	0.342446
318	0.031312	0.000065	0.000005	0.000002	0.000002	0.000003	0.000001	0.000022	0.000013	0.968575	0.342447
319	0.031311	0.000065	0.000005	0.000002	0.000002	0.000003	0.000001	0.000020	0.000013	0.968578	0.342447
320	0.031312	0.000065	0.000005	0.000001	0.000002	0.000002	0.000000	0.000019	0.000013	0.968580	0.342447
321	0.031312	0.000064	0.000005	0.000001	0.000002	0.000002	0.000000	0.000019	0.000012	0.968583	0.342448
322	0.031312	0.000064	0.000004	0.000001	0.000002	0.000002	0.000000	0.000017	0.000011	0.968586	0.342448
323	0.031312	0.000064	0.000004	0.000001	0.000002	0.000003	0.000001	0.000016	0.000011	0.968588	0.342448
324	0.031312	0.000063	0.000004	0.000001	0.000002	0.000003	0.000001	0.000015	0.000010	0.968590	0.342448
325	0.031312	0.000063	0.000004	0.000001	0.000002	0.000002	0.000001	0.000014	0.000010	0.968592	0.342448
326	0.031312	0.000063	0.000003	0.000001	0.000002	0.000002	0.000000	0.000014	0.000009	0.968594	0.342449
327	0.031312	0.000063	0.000003	0.000001	0.000002	0.000002	0.000000	0.000013	0.000009	0.968596	0.342449
328	0.031312	0.000063	0.000003	0.000001	0.000001	0.000002	0.000000	0.000012	0.000008	0.968598	0.342449
329	0.031312	0.000063	0.000002	0.000001	0.000001	0.000002	0.000000	0.000011	0.000008	0.968599	0.342449
330	0.031312	0.000063	0.000003	0.000001	0.000001	0.000002	0.000000	0.000010	0.000007	0.968601	0.342450
331	0.031312	0.000062	0.000002	0.000001	0.000001	0.000002	0.000000	0.000010	0.000007	0.968602	0.342450
332	0.031312	0.000062	0.000002	0.000001	0.000001	0.000002	0.000000	0.000009	0.000007	0.968604	0.342450
333	0.031313	0.000062	0.000003	0.000001	0.000001	0.000002	0.000000	0.000009	0.000006	0.968604	0.342450
334	0.031313	0.000062	0.000002	0.000001	0.000001	0.000002	0.000000	0.000009	0.000006	0.968605	0.342450
335	0.031313	0.000062	0.000002	0.000001	0.000000	0.000002	0.000000	0.000008	0.000005	0.968607	0.342451
336	0.031313	0.000062	0.000002	0.000001	0.000000	0.000002	0.000000	0.000008	0.000005	0.968607	0.342451
337	0.031313	0.000062	0.000002	0.000001	0.000001	0.000002	0.000000	0.000007	0.000005	0.968608	0.342451
338	0.031313	0.000062	0.000002	0.000000	0.000000	0.000002	0.000000	0.000007	0.000004	0.968609	0.342451
339	0.031313	0.000062	0.000002	0.000000	0.000001	0.000001	0.000000	0.000007	0.000004	0.968610	0.342452
340	0.031313	0.000062	0.000001	0.000000	0.000000	0.000001	0.000000	0.000006	0.000004	0.968611	0.342452
341	0.031313	0.000062	0.000001	0.000000	0.000001	0.000001	0.000000	0.000006	0.000004	0.968612	0.342452
342	0.031313	0.000062	0.000001	0.000000	0.000001	0.000001	0.000000	0.000006	0.000003	0.968613	0.342452
343	0.031313	0.000062	0.000001	0.000000	0.000001	0.000001	0.000000	0.000005	0.000003	0.968613	0.342452
344	0.031313	0.000062	0.000001	0.000000	0.000001	0.000001	0.000000	0.000005	0.000003	0.968615	0.342452
345	0.031313	0.000061	0.000001	0.000000	0.000001	0.000001	0.000000	0.000004	0.000003	0.968615	0.342452
346	0.031313	0.000061	0.000001	0.000000	0.000001	0.000001	0.000000	0.000004	0.000003	0.968616	0.342452
347	0.031313	0.000061	0.000001	0.000000	0.000000	0.000001	0.000000	0.000004	0.000002	0.968617	0.342452
348	0.031314	0.000061	0.000001	0.000000	0.000000	0.000001	0.000000	0.000003	0.000002	0.968618	0.342453
349	0.031314	0.000061	0.000001	0.000000	0.000000	0.000000	0.000000	0.000003	0.000002	0.968618	0.342453
350	0.031314	0.000061	0.000001	0.000000	0.000000	0.000000	0.000000	0.000003	0.000002	0.968619	0.342453
351	0.031314	0.000061	0.000001	0.000000	0.000000	0.000000	0.000000	0.000003	0.000002	0.968620	0.342453
352	0.031314	0.000061	0.000001	0.000000	0.000000	0.000000	0.000000	0.000002	0.000001	0.968620	0.342453
353	0.031314	0.000061	0.000001	0.000000	0.000000	0.000000	0.000000	0.000002	0.000001	0.968620	0.342453
354	0.031314	0.000061	0.000001	0.000000	0.000000	0.000000	0.000000	0.000002	0.000001	0.968621	0.342453
355	0.031314	0.000061	0.000001	0.000000	0.000000	0.000000	0.000000	0.000002	0.000001	0.968621	0.342453
356	0.031314	0.000061	0.000001	0.000000	0.000000	0.000000	0.000000	0.000002	0.000001	0.968621	0.342453
357	0.031314	0.000061	0.000001	0.000000	0.000000	0.000000	0.000000	0.000002	0.000001	0.968621	0.342453
358	0.031314	0.000061	0.000001	0.000000	0.000000	0.000000	0.000000	0.000002	0.000001	0.968621	0.342453
359	0.031314	0.000061	0.000001	0.000000	0.000000	0.000000	0.000000	0.000002	0.000001	0.968622	0.342453
360	0.031314	0.000061	0.000000	0.000000	0.000000	0.000000	0.000000	0.000002	0.000001	0.968622	0.342453
361	0.031314	0.000061	0.000000	0.000000	0.000000	0.000000	0.000000	0.000001	0.000001	0.968622	0.342453
362	0.031314	0.000061	0.000000	0.000000	0.000000	0.000000	0.000000	0.000001	0.000000	0.968622	0.342453
363	0.031314	0.000060	0.000001	0.000000	0.000000	0.000000	0.000000	0.000001	0.000000	0.968623	0.342454
364	0.031314	0.000060	0.000001	0.000000	0.000000	0.000000	0.000000	0.000001	0.000000	0.968623	0.342454
365	0.031314	0.000060	0.000001	0.000000	0.000000	0.000000	0.000000	0.000001	0.000000	0.968623	0.342454
366	0.031314	0.000060	0.000001	0.000000	0.000000	0.000000	0.000000	0.000001	0.000000	0.968623	0.342454
367	0.031314	0.000060	0.000000	0.000000	0.000000	0.000000	0.000000	0.000001	0.000000	0.968623	0.342454
368	0.031314	0.000060	0.000000	0.000000	0.000000	0.000000	0.000000	0.000001	0.000000	0.968623	0.342454
369	0.031314	0.000060	0.000000	0.000000	0.000000	0.000000	0.000000	0.000001	0.000000	0.968624	0.342454
370	0.031314	0.000060	0.000000	0.000000	0.000000	0.000000	0.000000	0.000001	0.000000	0.968624	0.342454
371	0.031314	0.000060	0.000000	0.000000	0.000000	0.000000	0.000000	0.000001	0.000000	0.968624	0.342454
372	0.031314	0.000060	0.000000	0.000000	0.000000	0.000000	0.000000	0.000001	0.000000	0.968624	0.342454
373	0.031314	0.000060	0.000000	0.000000	0.000000	0.000000	0.000000	0.000001	0.000000	0.968624	0.342454
374	0.031314	0.000060	0.000000	0.000000	0.000000	0.000000	0.000000	0.000001	0.000000	0.968624	0.342454
375	0.031314	0.000060	0.000000	0.000000	0.000000	0.000000	0.000000	0.000001	0.000000	0.968625	0.342454
376	0.031314	0.000060	0.000000	0.000000	0.000000	0.000000	0.000000	0.000001	0.000000	0.968625	0.342454
377	0.031314	0.000060	0.000000	0.000000	0.000000	0.000000	0.000000	0.000000	0.000000	0.968625	0.342454
378	0.031314	0.000060	0.000000	0.000000	0.000000	0.000000	0.000000	0.000000	0.000000	0.968625	0.342454
379	0.031314	0.000060	0.000000	0.000000	0.000000	0.000000	0.000000	0.000000	0.000000	0.968625	0.342454
380	0.031314	0.000060	0.000000	0.000000	0.000000	0.000000	0.000000	0.000000	0.000000	0.968625	0.342454
381	0.031314	0.000060	0.000000	0.000000	0.000000	0.000000	0.000000	0.000000	0.000000	0.968625	0.342454
382	0.031314	0.000060	0.000000	0.000000	0.000000	0.000000	0.000000	0.000000	0.000000	0.968625	0.342454
383	0.031314	0.000060	0.000000	0.000000	0.000000	0.000000	0.000000	0.000000	0.000000	0.968625	0.342454
384	0.031314	0.000060	0.000000	0.000000	0.000000	0.000000	0.000000	0.000000	0.000000	0.968625	0.342454
385	0.031314	0.000060	0.000000	0.000000	0.000000	0.000000	0.000000	0.000000	0.000000	0.968625	0.342454
386	0.031314	0.000060	0.000000	0.000000	0.000000	0.000000	0.000000	0.000000	0.000000	0.968625	0.342454
387	0.031314	0.000060	0.000000	0.000000	0.000000	0.000000	0.000000	0.000000	0.000000	0.968625	0.342454
