0	0.707300	0.263700	0.020900	0.001900	0.001300	0.001000	0.000300	0.000200	0.000000	0.003400	0.000200
1	0.996300	0.003200	0.000300	0.000100	0.000100	0.000000	0.000000	0.000000	0.000000	0.000000	0.000000
2	0.992100	0.007200	0.000500	0.000100	0.000100	0.000000	0.000000	0.000000	0.000000	0.000000	0.000000
3	0.987700	0.011300	0.000800	0.000100	0.000100	0.000000	0.000000	0.000000	0.000000	0.000000	0.000000
4	0.980900	0.017000	0.001700	0.000200	0.000200	0.000000	0.000000	0.000000	0.000000	0.000000	0.000000
5	0.963300	0.033500	0.002700	0.000100	0.000300	0.000000	0.000000	0.000000	0.000000	0.000100	0.000000
6	0.942100	0.053600	0.003600	0.000100	0.000400	0.000000	0.000000	0.000000	0.000000	0.000200	0.000000
7	0.914900	0.078900	0.005000	0.000200	0.000400	0.000200	0.000000	0.000000	0.000000	0.000400	0.000000
8	0.879600	0.109900	0.008800	0.000100	0.000500	0.000200	0.000200	0.000000	0.000000	0.000700	0.000000
9	0.823300	0.160600	0.011900	0.001500	0.000900	0.000300	0.000400	0.000200	0.000000	0.000900	0.000000
10	0.744800	0.230300	0.018900	0.002000	0.001200	0.000300	0.000000	0.000200	0.000000	0.002300	0.000400
0	0.017700	0.025600	0.000000	0.000000	0.000000	0.000000	0.000000	0.000000	0.000000	0.956700	0.000000
1	0.996300	0.003200	0.000300	0.000100	0.000100	0.000000	0.000000	0.000000	0.000000	0.000000	0.000000
2	0.992100	0.007200	0.000500	0.000100	0.000100	0.000000	0.000000	0.000000	0.000000	0.000000	0.000000
3	0.987700	0.011300	0.000800	0.000100	0.000100	0.000000	0.000000	0.000000	0.000000	0.000000	0.000000
4	0.980900	0.017000	0.001700	0.000200	0.000200	0.000000	0.000000	0.000000	0.000000	0.000000	0.000000
5	0.963300	0.033500	0.002700	0.000100	0.000300	0.000000	0.000000	0.000000	0.000000	0.000100	0.000000
6	0.942100	0.053600	0.003600	0.000100	0.000400	0.000000	0.000000	0.000000	0.000000	0.000200	0.000000
7	0.914900	0.078900	0.005000	0.000200	0.000400	0.000200	0.000000	0.000000	0.000000	0.000400	0.000000
8	0.879600	0.109900	0.008800	0.000100	0.000500	0.000200	0.000200	0.000000	0.000000	0.000700	0.000000
9	0.823300	0.160600	0.011900	0.001500	0.000900	0.000300	0.000400	0.000200	0.000000	0.000900	0.000000
10	0.744800	0.230300	0.018900	0.002000	0.001200	0.000300	0.000000	0.000200	0.000000	0.002300	0.000400
11	0.647000	0.314600	0.028400	0.002300	0.002100	0.000900	0.000600	0.000200	0.000000	0.003900	0.000000
12	0.530800	0.415700	0.038300	0.002800	0.002900	0.001600	0.000900	0.000200	0.000000	0.006800	0.000600
13	0.416500	0.510600	0.049900	0.005100	0.004500	0.002200	0.000800	0.000200	0.000000	0.010200	0.000900
14	0.303400	0.598900	0.063300	0.006300	0.007400	0.003700	0.001400	0.000200	0.000000	0.015400	0.000800
15	0.211800	0.663100	0.076600	0.008700	0.009200	0.004700	0.002300	0.000200	0.000000	0.023400	0.001400
16	0.140500	0.704000	0.093900	0.009700	0.010200	0.006100	0.001900	0.000100	0.000000	0.033600	0.002400
17	0.086700	0.725300	0.107600	0.012200	0.013100	0.007400	0.002300	0.000200	0.000000	0.045200	0.001700
18	0.056600	0.722900	0.117200	0.014400	0.014700	0.008800	0.002900	0.000200	0.000000	0.062300	0.002300
19	0.037200	0.712200	0.117100	0.018400	0.017200	0.011100	0.004600	0.000200	0.000000	0.082000	0.002900
20	0.029500	0.692000	0.116900	0.017000	0.020200	0.012000	0.004400	0.000200	0.000000	0.107800	0.004600
21	0.024200	0.667500	0.114800	0.020300	0.020100	0.015900	0.004400	0.000100	0.000000	0.132700	0.004500
22	0.022100	0.639000	0.107800	0.023100	0.020800	0.018500	0.005300	0.000200	0.000000	0.163200	0.004300
23	0.021100	0.610300	0.097200	0.022800	0.021500	0.020700	0.006500	0.000200	0.000000	0.199700	0.005300
24	0.022100	0.577200	0.090900	0.023300	0.019000	0.023700	0.006300	0.000200	0.000000	0.237300	0.006300
25	0.021300	0.548000	0.080300	0.023500	0.019500	0.026300	0.007100	0.000200	0.000000	0.273800	0.006300
26	0.022300	0.515700	0.071700	0.026400	0.018000	0.027200	0.007000	0.000100	0.000000	0.311600	0.007100
27	0.022400	0.483300	0.064900	0.023300	0.017300	0.028400	0.006400	0.000200	0.000000	0.353800	0.006900
28	0.022700	0.451500	0.055300	0.023800	0.015800	0.030600	0.006100	0.000100	0.000000	0.394100	0.006400
29	0.022400	0.421800	0.048900	0.020400	0.014100	0.031100	0.008100	0.000200	0.000000	0.433000	0.006000
30	0.023700	0.388600	0.049500	0.019900	0.013300	0.030100	0.006100	0.000200	0.000000	0.468600	0.007900
31	0.022900	0.359800	0.043000	0.019600	0.013700	0.029400	0.008300	0.000200	0.000000	0.503100	0.006000
32	0.026300	0.329400	0.040600	0.018900	0.012000	0.026800	0.007200	0.000200	0.000000	0.538600	0.008200
33	0.026900	0.302300	0.038100	0.016500	0.013500	0.025800	0.006900	0.000200	0.000000	0.569800	0.007200
34	0.026900	0.272700	0.040700	0.016700	0.010100	0.024700	0.006500	0.000200	0.000000	0.601500	0.006900
35	0.027300	0.240900	0.043400	0.017900	0.011900	0.020200	0.008100	0.000200	0.000000	0.630100	0.006500
36	0.029400	0.213400	0.039400	0.019100	0.011600	0.019600	0.006500	0.000200	0.000000	0.660800	0.008100
37	0.028000	0.188200	0.039500	0.017000	0.010000	0.016400	0.006300	0.000200	0.000000	0.694400	0.006400
38	0.027400	0.167000	0.034200	0.016900	0.010600	0.013900	0.006900	0.000200	0.000000	0.722900	0.006300
39	0.027900	0.149500	0.030400	0.013200	0.009800	0.011000	0.006200	0.000200	0.000000	0.751800	0.006900
40	0.028700	0.133800	0.026600	0.011300	0.008100	0.010000	0.005200	0.000200	0.000000	0.776100	0.006200
41	0.027700	0.122900	0.022500	0.009400	0.007700	0.007900	0.004800	0.000200	0.000000	0.796900	0.005100
42	0.028600	0.112300	0.019500	0.008300	0.005400	0.006500	0.004300	0.000200	0.000000	0.814900	0.004800
43	0.028900	0.105500	0.015800	0.006800	0.005300	0.005900	0.002700	0.000200	0.000000	0.828900	0.004300
44	0.026900	0.101400	0.014300	0.005600	0.003300	0.004100	0.002300	0.000200	0.000000	0.841900	0.002700
45	0.025100	0.097800	0.013300	0.004900	0.002800	0.004100	0.001600	0.000200	0.000000	0.850200	0.002300
46	0.024400	0.093400	0.012500	0.003800	0.003100	0.003500	0.001400	0.000100	0.000000	0.857800	0.001600
47	0.022800	0.091600	0.010500	0.003800	0.002400	0.003400	0.001200	0.000200	0.000000	0.864100	0.001300
48	0.022200	0.088400	0.009700	0.002700	0.002300	0.003400	0.001300	0.000100	0.000000	0.869900	0.001200
49	0.021800	0.085500	0.008600	0.003600	0.002200	0.002900	0.000700	0.000100	0.000000	0.874600	0.001200
50	0.021100	0.081500	0.008600	0.002700	0.002800	0.002800	0.000800	0.000200	0.000000	0.879500	0.000600
51	0.020100	0.078200	0.007700	0.003100	0.002600	0.002700	0.000600	0.000200	0.000000	0.884800	0.000800
52	0.019400	0.075500	0.006000	0.002900	0.001700	0.003500	0.000900	0.000200	0.000000	0.889900	0.000600
53	0.019200	0.071800	0.006600	0.001300	0.002500	0.002700	0.000800	0.000200	0.000000	0.894900	0.000900
54	0.019200	0.068600	0.005600	0.002800	0.001200	0.002700	0.001400	0.000200	0.000000	0.898300	0.000800
55	0.019300	0.064800	0.006600	0.002200	0.001600	0.002700	0.000700	0.000200	0.000000	0.901900	0.001400
56	0.019000	0.061500	0.005800	0.002500	0.001600	0.003000	0.001100	0.000200	0.000000	0.905300	0.000700
57	0.018900	0.058300	0.005900	0.002600	0.001900	0.002300	0.000600	0.000200	0.000000	0.909300	0.001100
58	0.018800	0.055700	0.005000	0.002300	0.001300	0.002800	0.000400	0.000200	0.000000	0.913500	0.000600
59	0.018500	0.052300	0.006100	0.001700	0.001300	0.001800	0.000500	0.000200	0.000000	0.917600	0.000400
60	0.018500	0.049500	0.004700	0.002500	0.001700	0.002200	0.000600	0.000200	0.000000	0.920100	0.000500
61	0.018500	0.047900	0.003800	0.001600	0.000900	0.002700	0.000600	0.000200	0.000000	0.923800	0.000600
62	0.018400	0.046200	0.003600	0.001500	0.000800	0.002100	0.000600	0.000200	0.000000	0.926600	0.000600
63	0.018200	0.044500	0.003800	0.001500	0.000700	0.001300	0.000900	0.000200	0.000000	0.928900	0.000600
64	0.018400	0.042900	0.003500	0.001300	0.001000	0.001100	0.000400	0.000200	0.000000	0.931200	0.000900
65	0.018700	0.040200	0.003900	0.001400	0.000700	0.001200	0.000300	0.000200	0.000000	0.933400	0.000400
66	0.018700	0.038100	0.003100	0.001000	0.001400	0.001200	0.000800	0.000200	0.000000	0.935500	0.000300
67	0.019200	0.037000	0.002000	0.001400	0.000700	0.001200	0.000200	0.000200	0.000000	0.938100	0.000800
68	0.019200	0.035400	0.002600	0.000500	0.000500	0.001000	0.000400	0.000200	0.000000	0.940200	0.000200
69	0.019100	0.034700	0.001900	0.000900	0.000600	0.000900	0.000400	0.000200	0.000000	0.941300	0.000400
70	0.019000	0.034300	0.001400	0.000600	0.000500	0.001000	0.000300	0.000200	0.000000	0.942700	0.000400
71	0.018700	0.033700	0.001500	0.000500	0.000300	0.000500	0.000700	0.000200	0.000000	0.943900	0.000300
72	0.019300	0.032900	0.001300	0.000600	0.000400	0.000400	0.000100	0.000200	0.000000	0.944800	0.000700
73	0.018900	0.032500	0.001400	0.000300	0.000400	0.000300	0.000300	0.000200	0.000000	0.945700	0.000100
74	0.019000	0.032200	0.000700	0.000900	0.000200	0.000400	0.000000	0.000200	0.000000	0.946400	0.000300
75	0.019000	0.032000	0.000300	0.000300	0.000200	0.000400	0.000200	0.000200	0.000000	0.947400	0.000000
76	0.019200	0.031000	0.001100	0.000000	0.000100	0.000400	0.000100	0.000200	0.000000	0.947900	0.000200
77	0.019100	0.030200	0.001300	0.000500	0.000300	0.000200	0.000100	0.000200	0.000000	0.948100	0.000100
78	0.018800	0.030000	0.000900	0.000500	0.000200	0.000500	0.000100	0.000200	0.000000	0.948800	0.000100
79	0.018800	0.029500	0.000900	0.000300	0.000100	0.000300	0.000200	0.000200	0.000000	0.949700	0.000100
80	0.019100	0.028900	0.000900	0.000100	0.000400	0.000200	0.000200	0.000100	0.000000	0.950100	0.000300
81	0.019100	0.028000	0.001200	0.000600	0.000100	0.000200	0.000000	0.000200	0.000000	0.950600	0.000100
82	0.019000	0.027400	0.001000	0.000500	0.000300	0.000100	0.000200	0.000200	0.000000	0.951300	0.000000
83	0.018900	0.027200	0.000800	0.000400	0.000000	0.000400	0.000100	0.000100	0.000000	0.952100	0.000200
84	0.018800	0.027200	0.000300	0.000400	0.000200	0.000200	0.000100	0.000200	0.000000	0.952600	0.000000
85	0.018900	0.026800	0.000500	0.000100	0.000100	0.000100	0.000000	0.000200	0.000000	0.953300	0.000100
86	0.018800	0.026400	0.000600	0.000300	0.000100	0.000100	0.000000	0.000200	0.000000	0.953500	0.000000
87	0.018800	0.025900	0.000500	0.000200	0.000300	0.000100	0.000100	0.000200	0.000000	0.953900	0.000000
88	0.018700	0.025800	0.000300	0.000300	0.000200	0.000100	0.000100	0.000200	0.000000	0.954300	0.000100
89	0.018700	0.025800	0.000200	0.000100	0.000200	0.000200	0.000000	0.000200	0.000000	0.954600	0.000100
90	0.018600	0.025700	0.000400	0.000000	0.000000	0.000200	0.000000	0.000100	0.000000	0.955000	0.000000
91	0.018500	0.025800	0.000200	0.000100	0.000000	0.000300	0.000000	0.000100	0.000000	0.955000	0.000000
92	0.018500	0.025800	0.000200	0.000000	0.000000	0.000300	0.000000	0.000000	0.000000	0.955200	0.000000
93	0.018400	0.025800	0.000300	0.000000	0.000000	0.000200	0.000000	0.000000	0.000000	0.955300	0.000000
94	0.018400	0.025700	0.000300	0.000000	0.000100	0.000200	0.000000	0.000000	0.000000	0.955300	0.000000
95	0.018400	0.025400	0.000500	0.000000	0.000000	0.000300	0.000000	0.000000	0.000000	0.955400	0.000000
96	0.018400	0.025300	0.000300	0.000200	0.000000	0.000300	0.000100	0.000000	0.000000	0.955400	0.000000
97	0.018200	0.025300	0.000300	0.000000	0.000100	0.000200	0.000200	0.000100	0.000000	0.955600	0.000000
98	0.018300	0.025100	0.000400	0.000100	0.000100	0.000100	0.000100	0.000100	0.000000	0.955700	0.000200
99	0.018200	0.025200	0.000200	0.000200	0.000000	0.000100	0.000000	0.000200	0.000000	0.955900	0.000000
100	0.018100	0.025200	0.000300	0.000000	0.000000	0.000100	0.000000	0.000100	0.000000	0.956200	0.000000
101	0.018100	0.025100	0.000200	0.000100	0.000000	0.000000	0.000100	0.000100	0.000000	0.956300	0.000000
102	0.018100	0.025000	0.000100	0.000100	0.000100	0.000000	0.000000	0.000200	0.000000	0.956400	0.000000
103	0.018100	0.024900	0.000100	0.000000	0.000100	0.000000	0.000000	0.000200	0.000000	0.956600	0.000000
104	0.018100	0.024900	0.000000	0.000100	0.000000	0.000000	0.000000	0.000200	0.000000	0.956700	0.000000
105	0.018100	0.024800	0.000100	0.000000	0.000000	0.000000	0.000000	0.000200	0.000000	0.956800	0.000000
106	0.018100	0.024800	0.000000	0.000000	0.000100	0.000000	0.000000	0.000200	0.000000	0.956800	0.000000
107	0.018100	0.024700	0.000100	0.000000	0.000000	0.000000	0.000000	0.000200	0.000000	0.956900	0.000000
108	0.018100	0.024600	0.000100	0.000100	0.000000	0.000000	0.000000	0.000200	0.000000	0.956900	0.000000
109	0.018100	0.024500	0.000100	0.000000	0.000100	0.000000	0.000000	0.000200	0.000000	0.957000	0.000000
110	0.018100	0.024400	0.000100	0.000000	0.000000	0.000100	0.000000	0.000200	0.000000	0.957100	0.000000
111	0.017900	0.024600	0.000000	0.000000	0.000000	0.000100	0.000000	0.000200	0.000000	0.957200	0.000000
112	0.017900	0.024300	0.000300	0.000000	0.000000	0.000100	0.000000	0.000200	0.000000	0.957200	0.000000
113	0.017700	0.024500	0.000100	0.000000	0.000000	0.000200	0.000100	0.000200	0.000000	0.957200	0.000000
114	0.017800	0.024300	0.000300	0.000000	0.000000	0.000100	0.000100	0.000200	0.000000	0.957200	0.000100
115	0.017900	0.024300	0.000200	0.000000	0.000100	0.000100	0.000000	0.000200	0.000000	0.957200	0.000100
116	0.017900	0.024300	0.000200	0.000000	0.000000	0.000100	0.000000	0.000200	0.000000	0.957300	0.000000
117	0.017800	0.024400	0.000200	0.000000	0.000000	0.000100	0.000000	0.000200	0.000000	0.957300	0.000000
118	0.017800	0.024400	0.000200	0.000000	0.000000	0.000100	0.000000	0.000200	0.000000	0.957300	0.000000
119	0.017700	0.024500	0.000200	0.000000	0.000000	0.000100	0.000000	0.000100	0.000000	0.957400	0.000000
120	0.017700	0.024500	0.000200	0.000000	0.000000	0.000100	0.000000	0.000100	0.000000	0.957400	0.000000
121	0.017700	0.024500	0.000200	0.000000	0.000000	0.000100	0.000000	0.000100	0.000000	0.957400	0.000000
122	0.017600	0.024600	0.000000	0.000100	0.000000	0.000200	0.000000	0.000100	0.000000	0.957400	0.000000
123	0.017600	0.024600	0.000000	0.000000	0.000000	0.000200	0.000000	0.000100	0.000000	0.957500	0.000000
124	0.017400	0.024800	0.000000	0.000000	0.000000	0.000200	0.000000	0.000100	0.000000	0.957500	0.000000
125	0.017400	0.024800	0.000000	0.000000	0.000000	0.000100	0.000100	0.000100	0.000000	0.957500	0.000000
126	0.017400	0.024800	0.000000	0.000000	0.000000	0.000100	0.000000	0.000200	0.000000	0.957500	0.000000
127	0.017400	0.024800	0.000000	0.000000	0.000000	0.000100	0.000000	0.000000	0.000000	0.957700	0.000000
128	0.017400	0.024800	0.000000	0.000000	0.000000	0.000100	0.000000	0.000000	0.000000	0.957700	0.000000
129	0.017400	0.024700	0.000100	0.000000	0.000000	0.000100	0.000000	0.000000	0.000000	0.957700	0.000000
130	0.017300	0.024800	0.000100	0.000000	0.000000	0.000100	0.000000	0.000000	0.000000	0.957700	0.000000
131	0.017300	0.024800	0.000100	0.000000	0.000000	0.000100	0.000000	0.000000	0.000000	0.957700	0.000000
132	0.017300	0.024800	0.000100	0.000000	0.000000	0.000100	0.000000	0.000000	0.000000	0.957700	0.000000
133	0.017300	0.024800	0.000100	0.000000	0.000000	0.000100	0.000000	0.000000	0.000000	0.957700	0.000000
134	0.017300	0.024800	0.000000	0.000100	0.000000	0.000000	0.000000	0.000000	0.000000	0.957800	0.000000
135	0.017300	0.024800	0.000000	0.000000	0.000000	0.000000	0.000000	0.000000	0.000000	0.957900	0.000000
136	0.017300	0.024700	0.000100	0.000000	0.000000	0.000000	0.000000	0.000000	0.000000	0.957900	0.000000
137	0.017300	0.024700	0.000000	0.000000	0.000100	0.000000	0.000000	0.000000	0.000000	0.957900	0.000000
138	0.017300	0.024600	0.000100	0.000000	0.000000	0.000000	0.000000	0.000000	0.000000	0.958000	0.000000
139	0.017300	0.024600	0.000000	0.000100	0.000000	0.000000	0.000000	0.000000	0.000000	0.958000	0.000000
140	0.017300	0.024600	0.000000	0.000000	0.000000	0.000000	0.000000	0.000000	0.000000	0.958100	0.000000
141	0.017300	0.024600	0.000000	0.000000	0.000000	0.000000	0.000000	0.000000	0.000000	0.958100	0.000000
142	0.017300	0.024400	0.000200	0.000000	0.000000	0.000000	0.000000	0.000000	0.000000	0.958100	0.000000
143	0.017300	0.024400	0.000000	0.000200	0.000000	0.000000	0.000000	0.000000	0.000000	0.958100	0.000000
144	0.017300	0.024400	0.000000	0.000000	0.000000	0.000000	0.000000	0.000000	0.000000	0.958300	0.000000
145	0.017300	0.024400	0.000000	0.000000	0.000000	0.000000	0.000000	0.000000	0.000000	0.958300	0.000000
146	0.017300	0.024400	0.000000	0.000000	0.000000	0.000000	0.000000	0.000000	0.000000	0.958300	0.000000
147	0.017300	0.024400	0.000000	0.000000	0.000000	0.000000	0.000000	0.000000	0.000000	0.958300	0.000000
148	0.017300	0.024300	0.000100	0.000000	0.000000	0.000000	0.000000	0.000000	0.000000	0.958300	0.000000
149	0.017300	0.024300	0.000000	0.000100	0.000000	0.000000	0.000000	0.000000	0.000000	0.958300	0.000000
150	0.017300	0.024300	0.000000	0.000000	0.000000	0.000000	0.000000	0.000000	0.000000	0.958400	0.000000
151	0.017300	0.024300	0.000000	0.000000	0.000000	0.000000	0.000000	0.000000	0.000000	0.958400	0.000000
152	0.017300	0.024300	0.000000	0.000000	0.000000	0.000000	0.000000	0.000000	0.000000	0.958400	0.000000
153	0.017300	0.024300	0.000000	0.000000	0.000000	0.000000	0.000000	0.000000	0.000000	0.958400	0.000000
154	0.017300	0.024300	0.000000	0.000000	0.000000	0.000000	0.000000	0.000000	0.000000	0.958400	0.000000
155	0.017300	0.024300	0.000000	0.000000	0.000000	0.000000	0.000000	0.000000	0.000000	0.958400	0.000000
156	0.017300	0.024300	0.000000	0.000000	0.000000	0.000000	0.000000	0.000000	0.000000	0.958400	0.000000
157	0.017300	0.024300	0.000000	0.000000	0.000000	0.000000	0.000000	0.000000	0.000000	0.958400	0.000000
158	0.017300	0.024300	0.000000	0.000000	0.000000	0.000000	0.000000	0.000000	0.000000	0.958400	0.000000
159	0.017300	0.024300	0.000000	0.000000	0.000000	0.000000	0.000000	0.000000	0.000000	0.958400	0.000000
160	0.017300	0.024300	0.000000	0.000000	0.000000	0.000000	0.000000	0.000000	0.000000	0.958400	0.000000
161	0.017300	0.024300	0.000000	0.000000	0.000000	0.000000	0.000000	0.000000	0.000000	0.958400	0.000000
162	0.017300	0.024300	0.000000	0.000000	0.000000	0.000000	0.000000	0.000000	0.000000	0.958400	0.000000
163	0.017300	0.024300	0.000000	0.000000	0.000000	0.000000	0.000000	0.000000	0.000000	0.958400	0.000000
164	0.017300	0.024300	0.000000	0.000000	0.000000	0.000000	0.000000	0.000000	0.000000	0.958400	0.000000
165	0.017300	0.024300	0.000000	0.000000	0.000000	0.000000	0.000000	0.000000	0.000000	0.958400	0.000000
166	0.017300	0.024300	0.000000	0.000000	0.000000	0.000000	0.000000	0.000000	0.000000	0.958400	0.000000
167	0.017300	0.024300	0.000000	0.000000	0.000000	0.000000	0.000000	0.000000	0.000000	0.958400	0.000000
168	0.017300	0.024300	0.000000	0.000000	0.000000	0.000000	0.000000	0.000000	0.000000	0.958400	0.000000
169	0.017300	0.024300	0.000000	0.000000	0.000000	0.000000	0.000000	0.000000	0.000000	0.958400	0.000000
170	0.017300	0.024300	0.000000	0.000000	0.000000	0.000000	0.000000	0.000000	0.000000	0.958400	0.000000
171	0.017300	0.024300	0.000000	0.000000	0.000000	0.000000	0.000000	0.000000	0.000000	0.958400	0.000000
172	0.017300	0.024300	0.000000	0.000000	0.000000	0.000000	0.000000	0.000000	0.000000	0.958400	0.000000
173	0.017300	0.024300	0.000000	0.000000	0.000000	0.000000	0.000000	0.000000	0.000000	0.958400	0.000000
174	0.017300	0.024300	0.000000	0.000000	0.000000	0.000000	0.000000	0.000000	0.000000	0.958400	0.000000
175	0.017300	0.024300	0.000000	0.000000	0.000000	0.000000	0.000000	0.000000	0.000000	0.958400	0.000000
176	0.017300	0.024300	0.000000	0.000000	0.000000	0.000000	0.000000	0.000000	0.000000	0.958400	0.000000
177	0.017300	0.024300	0.000000	0.000000	0.000000	0.000000	0.000000	0.000000	0.000000	0.958400	0.000000
178	0.017300	0.024300	0.000000	0.000000	0.000000	0.000000	0.000000	0.000000	0.000000	0.958400	0.000000
179	0.017300	0.024300	0.000000	0.000000	0.000000	0.000000	0.000000	0.000000	0.000000	0.958400	0.000000
180	0.017300	0.024300	0.000000	0.000000	0.000000	0.000000	0.000000	0.000000	0.000000	0.958400	0.000000
181	0.017300	0.024300	0.000000	0.000000	0.000000	0.000000	0.000000	0.000000	0.000000	0.958400	0.000000
182	0.017300	0.024300	0.000000	0.000000	0.000000	0.000000	0.000000	0.000000	0.000000	0.958400	0.000000
183	0.017300	0.024300	0.000000	0.000000	0.000000	0.000000	0.000000	0.000000	0.000000	0.958400	0.000000
184	0.017300	0.024300	0.000000	0.000000	0.000000	0.000000	0.000000	0.000000	0.000000	0.958400	0.000000
185	0.017300	0.024300	0.000000	0.000000	0.000000	0.000000	0.000000	0.000000	0.000000	0.958400	0.000000
186	0.017300	0.024300	0.000000	0.000000	0.000000	0.000000	0.000000	0.000000	0.000000	0.958400	0.000000
187	0.017300	0.024300	0.000000	0.000000	0.000000	0.000000	0.000000	0.000000	0.000000	0.958400	0.000000
188	0.017300	0.024300	0.000000	0.000000	0.000000	0.000000	0.000000	0.000000	0.000000	0.958400	0.000000
189	0.017300	0.024300	0.000000	0.000000	0.000000	0.000000	0.000000	0.000000	0.000000	0.958400	0.000000
190	0.017300	0.024300	0.000000	0.000000	0.000000	0.000000	0.000000	0.000000	0.000000	0.958400	0.000000
191	0.017300	0.024300	0.000000	0.000000	0.000000	0.000000	0.000000	0.000000	0.000000	0.958400	0.000000
192	0.017300	0.024300	0.000000	0.000000	0.000000	0.000000	0.000000	0.000000	0.000000	0.958400	0.000000
193	0.017300	0.024300	0.000000	0.000000	0.000000	0.000000	0.000000	0.000000	0.000000	0.958400	0.000000
194	0.017300	0.024300	0.000000	0.000000	0.000000	0.000000	0.000000	0.000000	0.000000	0.958400	0.000000
195	0.017300	0.024300	0.000000	0.000000	0.000000	0.000000	0.000000	0.000000	0.000000	0.958400	0.000000
196	0.017300	0.024300	0.000000	0.000000	0.000000	0.000000	0.000000	0.000000	0.000000	0.958400	0.000000
197	0.017300	0.024300	0.000000	0.000000	0.000000	0.000000	0.000000	0.000000	0.000000	0.958400	0.000000
198	0.017300	0.024300	0.000000	0.000000	0.000000	0.000000	0.000000	0.000000	0.000000	0.958400	0.000000
199	0.017300	0.024300	0.000000	0.000000	0.000000	0.000000	0.000000	0.000000	0.000000	0.958400	0.000000
200	0.017300	0.024300	0.000000	0.000000	0.000000	0.000000	0.000000	0.000000	0.000000	0.958400	0.000000
0	0.978331	0.009517	0.001339	0.000284	0.000242	0.000272	0.000078	0.000001	0.000000	0.009937	0.000078
1	0.999999	0.000001	0.000000	0.000000	0.000000	0.000000	0.000000	0.000000	0.000000	0.000000	0.000000
2	0.999999	0.000001	0.000000	0.000000	0.000000	0.000000	0.000000	0.000000	0.000000	0.000000	0.000000
3	0.999998	0.000001	0.000000	0.000000	0.000000	0.000000	0.000000	0.000000	0.000000	0.000000	0.000000
4	0.999998	0.000001	0.000000	0.000000	0.000000	0.000000	0.000000	0.000000	0.000000	0.000000	0.000000
5	0.999998	0.000002	0.000000	0.000000	0.000000	0.000000	0.000000	0.000000	0.000000	0.000000	0.000000
6	0.999997	0.000002	0.000000	0.000000	0.000000	0.000000	0.000000	0.000000	0.000000	0.000000	0.000000
7	0.999997	0.000002	0.000000	0.000000	0.000000	0.000000	0.000000	0.000000	0.000000	0.000000	0.000000
8	0.999997	0.000002	0.000000	0.000000	0.000000	0.000000	0.000000	0.000000	0.000000	0.000000	0.000000
9	0.999997	0.000002	0.000000	0.000000	0.000000	0.000000	0.000000	0.000000	0.000000	0.000000	0.000000
10	0.999997	0.000002	0.000001	0.000000	0.000000	0.000000	0.000000	0.000000	0.000000	0.000000	0.000000
11	0.999996	0.000003	0.000000	0.000000	0.000000	0.000000	0.000000	0.000000	0.000000	0.000000	0.000000
12	0.999996	0.000003	0.000000	0.000000	0.000000	0.000000	0.000000	0.000000	0.000000	0.000000	0.000000
13	0.999996	0.000003	0.000001	0.000000	0.000000	0.000000	0.000000	0.000000	0.000000	0.000000	0.000000
14	0.999996	0.000003	0.000000	0.000000	0.000000	0.000000	0.000000	0.000000	0.000000	0.000001	0.000000
15	0.999995	0.000003	0.000001	0.000000	0.000000	0.000000	0.000000	0.000000	0.000000	0.000001	0.000000
16	0.999995	0.000004	0.000001	0.000000	0.000000	0.000000	0.000000	0.000000	0.000000	0.000001	0.000000
17	0.999994	0.000004	0.000001	0.000000	0.000000	0.000000	0.000000	0.000000	0.000000	0.000001	0.000000
18	0.999994	0.000004	0.000000	0.000000	0.000000	0.000000	0.000000	0.000000	0.000000	0.000001	0.000000
19	0.999993	0.000004	0.000001	0.000000	0.000000	0.000000	0.000000	0.000000	0.000000	0.000002	0.000000
20	0.999993	0.000004	0.000001	0.000000	0.000000	0.000000	0.000000	0.000000	0.000000	0.000002	0.000000
21	0.999992	0.000005	0.000001	0.000000	0.000000	0.000000	0.000000	0.000000	0.000000	0.000002	0.000000
22	0.999991	0.000005	0.000001	0.000000	0.000000	0.000001	0.000000	0.000000	0.000000	0.000002	0.000000
23	0.999991	0.000005	0.000000	0.000000	0.000000	0.000000	0.000000	0.000000	0.000000	0.000003	0.000000
24	0.999990	0.000006	0.000001	0.000000	0.000000	0.000000	0.000000	0.000000	0.000000	0.000003	0.000000
25	0.999990	0.000006	0.000001	0.000000	0.000000	0.000000	0.000000	0.000000	0.000000	0.000003	0.000000
26	0.999989	0.000006	0.000001	0.000000	0.000000	0.000000	0.000000	0.000000	0.000000	0.000003	0.000000
27	0.999988	0.000007	0.000000	0.000000	0.000000	0.000000	0.000000	0.000000	0.000000	0.000004	0.000000
28	0.999987	0.000007	0.000001	0.000000	0.000000	0.000000	0.000000	0.000000	0.000000	0.000004	0.000000
29	0.999986	0.000008	0.000001	0.000000	0.000000	0.000000	0.000000	0.000000	0.000000	0.000004	0.000000
30	0.999985	0.000008	0.000001	0.000000	0.000000	0.000000	0.000000	0.000000	0.000000	0.000005	0.000000
31	0.999985	0.000008	0.000001	0.000000	0.000000	0.000000	0.000000	0.000000	0.000000	0.000005	0.000000
32	0.999984	0.000008	0.000001	0.000000	0.000000	0.000000	0.000000	0.000000	0.000000	0.000006	0.000000
33	0.999983	0.000008	0.000001	0.000000	0.000000	0.000000	0.000000	0.000000	0.000000	0.000006	0.000000
34	0.999982	0.000009	0.000001	0.000000	0.000000	0.000000	0.000000	0.000000	0.000000	0.000006	0.000000
35	0.999980	0.000010	0.000001	0.000000	0.000000	0.000000	0.000000	0.000000	0.000000	0.000007	0.000000
36	0.999979	0.000011	0.000001	0.000001	0.000000	0.000000	0.000000	0.000000	0.000000	0.000007	0.000000
37	0.999978	0.000011	0.000001	0.000000	0.000000	0.000000	0.000000	0.000000	0.000000	0.000008	0.000000
38	0.999978	0.000011	0.000002	0.000000	0.000000	0.000000	0.000000	0.000000	0.000000	0.000008	0.000000
39	0.999976	0.000012	0.000001	0.000000	0.000001	0.000000	0.000000	0.000000	0.000000	0.000009	0.000000
40	0.999974	0.000013	0.000002	0.000000	0.000000	0.000000	0.000000	0.000000	0.000000	0.000009	0.000000
41	0.999972	0.000013	0.000002	0.000000	0.000001	0.000000	0.000000	0.000001	0.000000	0.000010	0.000000
42	0.999971	0.000014	0.000001	0.000001	0.000001	0.000000	0.000000	0.000001	0.000000	0.000011	0.000000
43	0.999968	0.000016	0.000001	0.000000	0.000000	0.000000	0.000000	0.000001	0.000000	0.000012	0.000000
44	0.999967	0.000017	0.000001	0.000000	0.000000	0.000000	0.000000	0.000001	0.000000	0.000013	0.000000
45	0.999965	0.000017	0.000002	0.000000	0.000000	0.000000	0.000000	0.000001	0.000000	0.000014	0.000000
46	0.999963	0.000018	0.000002	0.000000	0.000001	0.000001	0.000000	0.000001	0.000000	0.000014	0.000000
47	0.999961	0.000019	0.000003	0.000000	0.000001	0.000000	0.000000	0.000001	0.000000	0.000015	0.000000
48	0.999957	0.000021	0.000004	0.000001	0.000001	0.000000	0.000000	0.000001	0.000000	0.000015	0.000000
49	0.999954	0.000022	0.000003	0.000001	0.000001	0.000001	0.000000	0.000001	0.000000	0.000017	0.000000
50	0.999952	0.000023	0.000004	0.000001	0.000000	0.000001	0.000000	0.000001	0.000000	0.000018	0.000000
51	0.999950	0.000024	0.000004	0.000001	0.000001	0.000001	0.000000	0.000001	0.000000	0.000019	0.000000
52	0.999946	0.000027	0.000004	0.000001	0.000001	0.000001	0.000000	0.000001	0.000000	0.000020	0.000000
53	0.999943	0.000029	0.000004	0.000001	0.000001	0.000001	0.000000	0.000001	0.000000	0.000021	0.000000
54	0.999940	0.000030	0.000004	0.000001	0.000001	0.000001	0.000000	0.000001	0.000000	0.000022	0.000000
55	0.999936	0.000032	0.000004	0.000001	0.000001	0.000001	0.000000	0.000001	0.000000	0.000024	0.000000
56	0.999933	0.000033	0.000004	0.000000	0.000001	0.000001	0.000000	0.000001	0.000000	0.000025	0.000000
57	0.999930	0.000035	0.000005	0.000001	0.000001	0.000001	0.000000	0.000001	0.000000	0.000027	0.000000
58	0.999925	0.000037	0.000004	0.000001	0.000001	0.000001	0.000000	0.000001	0.000000	0.000028	0.000000
59	0.999922	0.000039	0.000004	0.000001	0.000001	0.000002	0.000000	0.000001	0.000000	0.000030	0.000000
60	0.999917	0.000041	0.000005	0.000001	0.000001	0.000001	0.000000	0.000001	0.000000	0.000032	0.000000
61	0.999913	0.000043	0.000005	0.000001	0.000001	0.000001	0.000000	0.000001	0.000000	0.000034	0.000000
62	0.999909	0.000046	0.000005	0.000001	0.000001	0.000001	0.000000	0.000001	0.000000	0.000035	0.000000
63	0.999904	0.000048	0.000006	0.000001	0.000001	0.000001	0.000000	0.000001	0.000000	0.000037	0.000000
64	0.999899	0.000051	0.000006	0.000001	0.000001	0.000001	0.000000	0.000001	0.000000	0.000039	0.000000
65	0.999894	0.000053	0.000008	0.000001	0.000001	0.000002	0.000000	0.000001	0.000000	0.000041	0.000000
66	0.999889	0.000054	0.000007	0.000002	0.000002	0.000001	0.000001	0.000001	0.000000	0.000043	0.000000
67	0.999882	0.000058	0.000007	0.000002	0.000001	0.000001	0.000001	0.000001	0.000000	0.000046	0.000001
68	0.999878	0.000059	0.000009	0.000001	0.000001	0.000001	0.000001	0.000001	0.000000	0.000049	0.000001
69	0.999873	0.000060	0.000008	0.000002	0.000002	0.000002	0.000000	0.000001	0.000000	0.000051	0.000001
70	0.999866	0.000064	0.000010	0.000002	0.000001	0.000002	0.000000	0.000001	0.000000	0.000054	0.000000
71	0.999858	0.000067	0.000011	0.000002	0.000002	0.000002	0.000000	0.000001	0.000000	0.000057	0.000000
72	0.999851	0.000069	0.000011	0.000002	0.000002	0.000002	0.000001	0.000001	0.000000	0.000061	0.000000
73	0.999843	0.000073	0.000011	0.000002	0.000002	0.000002	0.000001	0.000001	0.000000	0.000064	0.000001
74	0.999835	0.000079	0.000010	0.000002	0.000003	0.000003	0.000000	0.000001	0.000000	0.000067	0.000001
75	0.999826	0.000083	0.000011	0.000002	0.000002	0.000003	0.000001	0.000001	0.000000	0.000072	0.000000
76	0.999815	0.000089	0.000010	0.000002	0.000003	0.000003	0.000001	0.000001	0.000000	0.000075	0.000001
77	0.999807	0.000094	0.000012	0.000002	0.000002	0.000003	0.000001	0.000001	0.000000	0.000079	0.000001
78	0.999799	0.000096	0.000013	0.000003	0.000002	0.000003	0.000001	0.000001	0.000000	0.000083	0.000001
79	0.999791	0.000099	0.000013	0.000003	0.000002	0.000003	0.000001	0.000001	0.000000	0.000087	0.000001
80	0.999779	0.000105	0.000014	0.000003	0.000003	0.000004	0.000001	0.000001	0.000000	0.000091	0.000001
81	0.999769	0.000110	0.000014	0.000003	0.000003	0.000004	0.000001	0.000001	0.000000	0.000096	0.000001
82	0.999759	0.000113	0.000016	0.000003	0.000002	0.000004	0.000001	0.000001	0.000000	0.000100	0.000001
83	0.999746	0.000120	0.000015	0.000003	0.000005	0.000004	0.000000	0.000001	0.000000	0.000105	0.000001
84	0.999731	0.000126	0.000017	0.000003	0.000004	0.000004	0.000001	0.000001	0.000000	0.000111	0.000000
85	0.999719	0.000131	0.000018	0.000004	0.000004	0.000005	0.000002	0.000001	0.000000	0.000117	0.000001
86	0.999706	0.000136	0.000020	0.000004	0.000005	0.000004	0.000001	0.000001	0.000000	0.000124	0.000001
87	0.999689	0.000145	0.000020	0.000004	0.000004	0.000006	0.000001	0.000001	0.000000	0.000131	0.000001
88	0.999676	0.000150	0.000020	0.000004	0.000004	0.000005	0.000002	0.000001	0.000000	0.000137	0.000001
89	0.999661	0.000157	0.000022	0.000004	0.000004	0.000005	0.000001	0.000001	0.000000	0.000144	0.000002
90	0.999643	0.000167	0.000023	0.000006	0.000004	0.000005	0.000001	0.000001	0.000000	0.000151	0.000001
91	0.999623	0.000176	0.000024	0.000004	0.000005	0.000006	0.000001	0.000001	0.000000	0.000160	0.000001
92	0.999607	0.000181	0.000027	0.000006	0.000004	0.000006	0.000001	0.000001	0.000000	0.000168	0.000001
93	0.999587	0.000190	0.000028	0.000006	0.000005	0.000006	0.000001	0.000001	0.000000	0.000176	0.000001
94	0.999565	0.000201	0.000030	0.000006	0.000006	0.000005	0.000001	0.000001	0.000000	0.000186	0.000001
95	0.999542	0.000212	0.000032	0.000006	0.000006	0.000005	0.000002	0.000001	0.000000	0.000195	0.000001
96	0.999519	0.000224	0.000033	0.000008	0.000006	0.000005	0.000001	0.000001	0.000000	0.000204	0.000002
97	0.999497	0.000233	0.000035	0.000007	0.000005	0.000006	0.000002	0.000001	0.000000	0.000214	0.000001
98	0.999472	0.000244	0.000036	0.000007	0.000008	0.000005	0.000001	0.000001	0.000000	0.000225	0.000001
99	0.999446	0.000256	0.000037	0.000007	0.000007	0.000007	0.000002	0.000001	0.000000	0.000237	0.000001
100	0.999417	0.000269	0.000039	0.000007	0.000008	0.000007	0.000002	0.000001	0.000000	0.000249	0.000002
101	0.999387	0.000282	0.000044	0.000008	0.000007	0.000006	0.000002	0.000001	0.000000	0.000262	0.000002
102	0.999352	0.000301	0.000044	0.000010	0.000010	0.000006	0.000003	0.000001	0.000000	0.000273	0.000002
103	0.999320	0.000317	0.000043	0.000011	0.000009	0.000007	0.000002	0.000001	0.000000	0.000289	0.000003
104	0.999291	0.000329	0.000046	0.000008	0.000009	0.000007	0.000003	0.000001	0.000000	0.000306	0.000002
105	0.999257	0.000344	0.000048	0.000011	0.000010	0.000007	0.000003	0.000001	0.000000	0.000319	0.000003
106	0.999222	0.000362	0.000047	0.000012	0.000010	0.000007	0.000002	0.000001	0.000000	0.000336	0.000003
107	0.999186	0.000376	0.000053	0.000010	0.000009	0.000009	0.000002	0.000001	0.000000	0.000353	0.000002
108	0.999149	0.000391	0.000054	0.000013	0.000011	0.000009	0.000003	0.000001	0.000000	0.000369	0.000002
109	0.999108	0.000409	0.000057	0.000011	0.000011	0.000010	0.000004	0.000001	0.000000	0.000388	0.000003
110	0.999067	0.000428	0.000061	0.000013	0.000011	0.000010	0.000003	0.000001	0.000000	0.000406	0.000004
111	0.999021	0.000447	0.000066	0.000013	0.000013	0.000012	0.000003	0.000001	0.000000	0.000425	0.000003
112	0.998973	0.000468	0.000067	0.000013	0.000013	0.000013	0.000005	0.000001	0.000000	0.000446	0.000003
113	0.998924	0.000490	0.000071	0.000015	0.000012	0.000015	0.000004	0.000001	0.000000	0.000468	0.000004
114	0.998873	0.000512	0.000077	0.000015	0.000013	0.000014	0.000004	0.000001	0.000000	0.000491	0.000004
115	0.998817	0.000536	0.000082	0.000017	0.000013	0.000016	0.000004	0.000001	0.000000	0.000513	0.000004
116	0.998759	0.000563	0.000081	0.000020	0.000016	0.000016	0.000005	0.000001	0.000000	0.000540	0.000004
117	0.998700	0.000589	0.000087	0.000017	0.000015	0.000015	0.000005	0.000001	0.000000	0.000571	0.000004
118	0.998639	0.000616	0.000091	0.000017	0.000017	0.000016	0.000005	0.000001	0.000000	0.000597	0.000005
119	0.998573	0.000647	0.000096	0.000019	0.000017	0.000017	0.000005	0.000001	0.000000	0.000625	0.000005
120	0.998502	0.000682	0.000097	0.000021	0.000018	0.000017	0.000006	0.000001	0.000000	0.000656	0.000005
121	0.998433	0.000715	0.000098	0.000023	0.000018	0.000018	0.000005	0.000001	0.000000	0.000690	0.000006
122	0.998366	0.000739	0.000108	0.000021	0.000017	0.000019	0.000007	0.000001	0.000000	0.000723	0.000005
123	0.998292	0.000772	0.000109	0.000024	0.000021	0.000022	0.000007	0.000001	0.000000	0.000752	0.000007
124	0.998207	0.000812	0.000117	0.000022	0.000021	0.000022	0.000008	0.000001	0.000000	0.000790	0.000007
125	0.998124	0.000855	0.000116	0.000025	0.000022	0.000024	0.000008	0.000001	0.000000	0.000825	0.000008
126	0.998039	0.000888	0.000129	0.000025	0.000019	0.000025	0.000007	0.000001	0.000000	0.000866	0.000007
127	0.997945	0.000929	0.000132	0.000028	0.000024	0.000029	0.000008	0.000001	0.000000	0.000904	0.000007
128	0.997846	0.000980	0.000131	0.000031	0.000023	0.000029	0.000009	0.000001	0.000000	0.000950	0.000008
129	0.997749	0.001026	0.000137	0.000029	0.000026	0.000029	0.000008	0.000001	0.000000	0.000994	0.000009
130	0.997650	0.001065	0.000149	0.000027	0.000026	0.000031	0.000008	0.000001	0.000000	0.001041	0.000008
131	0.997544	0.001111	0.000157	0.000036	0.000025	0.000030	0.000009	0.000001	0.000000	0.001087	0.000008
132	0.997429	0.001162	0.000164	0.000035	0.000028	0.000030	0.000011	0.000001	0.000000	0.001139	0.000009
133	0.997313	0.001216	0.000170	0.000036	0.000030	0.000032	0.000010	0.000001	0.000000	0.001193	0.000011
134	0.997192	0.001271	0.000173	0.000038	0.000032	0.000032	0.000011	0.000001	0.000000	0.001249	0.000010
135	0.997066	0.001322	0.000186	0.000037	0.000035	0.000035	0.000008	0.000001	0.000000	0.001309	0.000011
136	0.996928	0.001383	0.000193	0.000041	0.000036	0.000038	0.000011	0.000001	0.000000	0.001369	0.000008
137	0.996792	0.001439	0.000201	0.000041	0.000038	0.000039	0.000012	0.000001	0.000000	0.001437	0.000010
138	0.996648	0.001498	0.000212	0.000047	0.000037	0.000041	0.000013	0.000001	0.000000	0.001503	0.000012
139	0.996493	0.001572	0.000215	0.000047	0.000041	0.000043	0.000014	0.000001	0.000000	0.001574	0.000013
140	0.996337	0.001639	0.000224	0.000048	0.000043	0.000044	0.000014	0.000001	0.000000	0.001650	0.000014
141	0.996170	0.001715	0.000231	0.000050	0.000044	0.000047	0.000014	0.000001	0.000000	0.001727	0.000013
142	0.995998	0.001791	0.000239	0.000056	0.000045	0.000049	0.000016	0.000001	0.000000	0.001806	0.000014
143	0.995820	0.001867	0.000255	0.000053	0.000048	0.000051	0.000015	0.000001	0.000000	0.001891	0.000015
144	0.995628	0.001951	0.000269	0.000060	0.000047	0.000050	0.000016	0.000001	0.000000	0.001977	0.000015
145	0.995433	0.002028	0.000290	0.000055	0.000054	0.000053	0.000016	0.000001	0.000000	0.002070	0.000016
146	0.995216	0.002127	0.000298	0.000066	0.000053	0.000060	0.000018	0.000001	0.000000	0.002162	0.000016
147	0.994991	0.002227	0.000314	0.000067	0.000056	0.000060	0.000020	0.000001	0.000000	0.002264	0.000018
148	0.994769	0.002326	0.000322	0.000070	0.000060	0.000061	0.000021	0.000001	0.000000	0.002370	0.000019
149	0.994540	0.002429	0.000333	0.000069	0.000062	0.000063	0.000022	0.000001	0.000000	0.002482	0.000020
150	0.994304	0.002527	0.000354	0.000073	0.000061	0.000067	0.000021	0.000001	0.000000	0.002590	0.000021
151	0.994054	0.002634	0.000375	0.000076	0.000063	0.000070	0.000022	0.000001	0.000000	0.002705	0.000021
152	0.993790	0.002742	0.000398	0.000081	0.000071	0.000071	0.000024	0.000001	0.000000	0.002822	0.000022
153	0.993519	0.002860	0.000406	0.000085	0.000074	0.000078	0.000025	0.000001	0.000000	0.002951	0.000024
154	0.993230	0.002982	0.000427	0.000092	0.000074	0.000082	0.000027	0.000001	0.000000	0.003084	0.000025
155	0.992919	0.003127	0.000439	0.000095	0.000083	0.000085	0.000026	0.000001	0.000000	0.003225	0.000027
156	0.992604	0.003266	0.000458	0.000096	0.000085	0.000091	0.000025	0.000001	0.000000	0.003374	0.000026
157	0.992269	0.003415	0.000480	0.000097	0.000085	0.000097	0.000028	0.000001	0.000000	0.003527	0.000025
158	0.991925	0.003563	0.000502	0.000109	0.000092	0.000100	0.000030	0.000001	0.000000	0.003678	0.000028
159	0.991570	0.003711	0.000527	0.000110	0.000098	0.000106	0.000032	0.000001	0.000000	0.003844	0.000030
160	0.991192	0.003875	0.000547	0.000117	0.000105	0.000112	0.000033	0.000001	0.000000	0.004017	0.000032
161	0.990779	0.004067	0.000570	0.000121	0.000105	0.000116	0.000035	0.000001	0.000000	0.004205	0.000033
162	0.990371	0.004246	0.000590	0.000126	0.000114	0.000121	0.000038	0.000001	0.000000	0.004394	0.000035
163	0.989939	0.004442	0.000615	0.000135	0.000118	0.000124	0.000035	0.000001	0.000000	0.004592	0.000037
164	0.989486	0.004638	0.000652	0.000138	0.000112	0.000129	0.000040	0.000001	0.000000	0.004803	0.000035
165	0.989022	0.004831	0.000687	0.000146	0.000131	0.000129	0.000039	0.000001	0.000000	0.005014	0.000040
166	0.988523	0.005059	0.000706	0.000154	0.000132	0.000138	0.000039	0.000001	0.000000	0.005248	0.000039
167	0.987997	0.005294	0.000745	0.000151	0.000133	0.000144	0.000044	0.000001	0.000000	0.005490	0.000038
168	0.987472	0.005519	0.000779	0.000163	0.000144	0.000148	0.000046	0.000001	0.000000	0.005728	0.000044
169	0.986903	0.005772	0.000814	0.000169	0.000148	0.000158	0.000050	0.000001	0.000000	0.005985	0.000045
170	0.986306	0.006036	0.000854	0.000178	0.000161	0.000163	0.000053	0.000001	0.000000	0.006248	0.000050
171	0.985687	0.006320	0.000880	0.000188	0.000162	0.000176	0.000055	0.000001	0.000000	0.006531	0.000052
172	0.985046	0.006601	0.000917	0.000200	0.000169	0.000186	0.000058	0.000001	0.000000	0.006821	0.000054
173	0.984376	0.006898	0.000959	0.000202	0.000181	0.000197	0.000059	0.000001	0.000000	0.007127	0.000058
174	0.983668	0.007212	0.001005	0.000211	0.000188	0.000205	0.000065	0.000001	0.000000	0.007445	0.000058
175	0.982929	0.007551	0.001054	0.000216	0.000196	0.000217	0.000063	0.000001	0.000000	0.007774	0.000064
176	0.982171	0.007894	0.001098	0.000229	0.000204	0.000224	0.000065	0.000001	0.000000	0.008114	0.000062
177	0.981376	0.008233	0.001167	0.000240	0.000205	0.000233	0.000070	0.000001	0.000000	0.008475	0.000064
