0	0.031350	0.000059	0.000000	0.000000	0.000000	0.000000	0.000000	0.000000	0.000000	0.968590	1.199399
0	0.999999	0.000000	0.000000	0.000000	0.000000	0.000000	0.000000	0.000000	0.000000	0.000000	1.199399
1	0.999999	0.000001	0.000000	0.000000	0.000000	0.000000	0.000000	0.000000	0.000000	0.000000	1.199399
2	0.999998	0.000001	0.000000	0.000000	0.000000	0.000000	0.000000	0.000000	0.000000	0.000000	1.199399
3	0.999998	0.000001	0.000000	0.000000	0.000000	0.000000	0.000000	0.000000	0.000000	0.000000	1.199399
4	0.999998	0.000002	0.000000	0.000000	0.000000	0.000000	0.000000	0.000000	0.000000	0.000000	1.199399
5	0.999997	0.000002	0.000000	0.000000	0.000000	0.000000	0.000000	0.000000	0.000000	0.000000	1.199399
6	0.999997	0.000002	0.000000	0.000000	0.000000	0.000000	0.000000	0.000000	0.000000	0.000000	1.199399
7	0.999997	0.000003	0.000000	0.000000	0.000000	0.000000	0.000000	0.000000	0.000000	0.000000	1.199399
8	0.999997	0.000002	0.000000	0.000000	0.000000	0.000000	0.000000	0.000000	0.000000	0.000000	1.199399
9	0.999996	0.000003	0.000000	0.000000	0.000000	0.000000	0.000000	0.000000	0.000000	0.000000	1.199399
10	0.999996	0.000002	0.000001	0.000000	0.000000	0.000000	0.000000	0.000000	0.000000	0.000000	1.199399
11	0.999996	0.000003	0.000001	0.000000	0.000000	0.000000	0.000000	0.000000	0.000000	0.000000	1.199399
12	0.999995	0.000004	0.000001	0.000000	0.000000	0.000000	0.000000	0.000000	0.000000	0.000000	1.199399
13	0.999994	0.000004	0.000001	0.000000	0.000000	0.000000	0.000000	0.000000	0.000000	0.000000	1.199399
14	0.999993	0.000004	0.000001	0.000000	0.000000	0.000000	0.000000	0.000000	0.000000	0.000000	1.199399
15	0.999992	0.000005	0.000001	0.000000	0.000000	0.000000	0.000000	0.000000	0.000000	0.000000	1.199399
16	0.999991	0.000006	0.000002	0.000000	0.000000	0.000000	0.000000	0.000000	0.000000	0.000000	1.199399
17	0.999990	0.000007	0.000002	0.000000	0.000000	0.000000	0.000000	0.000000	0.000000	0.000000	1.199399
18	0.999988	0.000009	0.000002	0.000001	0.000000	0.000000	0.000000	0.000000	0.000000	0.000000	1.199399
19	0.999987	0.000009	0.000002	0.000000	0.000000	0.000000	0.000000	0.000000	0.000000	0.000001	1.199399
20	0.999985	0.000010	0.000002	0.000000	0.000000	0.000000	0.000000	0.000000	0.000000	0.000001	1.199399
21	0.999984	0.000011	0.000002	0.000000	0.000000	0.000000	0.000000	0.000000	0.000000	0.000001	1.199399
22	0.999982	0.000012	0.000003	0.000000	0.000000	0.000001	0.000000	0.000000	0.000000	0.000001	1.199399
23	0.999980	0.000014	0.000003	0.000001	0.000000	0.000001	0.000000	0.000000	0.000000	0.000001	1.199399
24	0.999978	0.000015	0.000004	0.000001	0.000000	0.000001	0.000000	0.000000	0.000000	0.000002	1.199399
25	0.999976	0.000016	0.000004	0.000001	0.000001	0.000001	0.000000	0.000000	0.000000	0.000002	1.199399
26	0.999973	0.000018	0.000004	0.000001	0.000001	0.000001	0.000000	0.000000	0.000000	0.000002	1.199399
27	0.999970	0.000020	0.000005	0.000001	0.000001	0.000001	0.000000	0.000000	0.000000	0.000003	1.199399
28	0.999967	0.000022	0.000006	0.000001	0.000001	0.000001	0.000000	0.000000	0.000000	0.000003	1.199399
29	0.999963	0.000025	0.000006	0.000000	0.000001	0.000001	0.000000	0.000000	0.000000	0.000003	1.199399
30	0.999958	0.000029	0.000007	0.000000	0.000001	0.000001	0.000000	0.000001	0.000000	0.000004	1.199399
31	0.999953	0.000032	0.000008	0.000000	0.000001	0.000001	0.000000	0.000001	0.000000	0.000004	1.199399
32	0.999949	0.000035	0.000007	0.000001	0.000002	0.000001	0.000000	0.000001	0.000000	0.000004	1.199399
33	0.999943	0.000040	0.000007	0.000002	0.000002	0.000001	0.000000	0.000001	0.000000	0.000004	1.199399
34	0.999937	0.000044	0.000008	0.000002	0.000002	0.000001	0.000000	0.000001	0.000000	0.000005	1.199399
35	0.999932	0.000048	0.000009	0.000002	0.000002	0.000001	0.000000	0.000001	0.000000	0.000006	1.199399
36	0.999926	0.000050	0.000011	0.000002	0.000002	0.000001	0.000000	0.000001	0.000000	0.000006	1.199399
37	0.999918	0.000054	0.000013	0.000002	0.000002	0.000001	0.000000	0.000001	0.000000	0.000007	1.199399
38	0.999909	0.000060	0.000016	0.000002	0.000002	0.000001	0.000000	0.000001	0.000000	0.000008	1.199399
39	0.999900	0.000065	0.000018	0.000002	0.000003	0.000002	0.000000	0.000001	0.000000	0.000009	1.199399
40	0.999888	0.000074	0.000020	0.000003	0.000003	0.000001	0.000000	0.000001	0.000000	0.000010	1.199399
41	0.999877	0.000079	0.000022	0.000004	0.000003	0.000002	0.000000	0.000001	0.000000	0.000011	1.199399
42	0.999863	0.000088	0.000025	0.000004	0.000003	0.000002	0.000000	0.000002	0.000000	0.000013	1.199399
43	0.999845	0.000102	0.000025	0.000004	0.000004	0.000003	0.000000	0.000002	0.000000	0.000014	1.199399
44	0.999829	0.000112	0.000029	0.000004	0.000004	0.000003	0.000000	0.000002	0.000000	0.000017	1.199399
45	0.999809	0.000124	0.000033	0.000004	0.000005	0.000003	0.000001	0.000002	0.000000	0.000018	1.199399
46	0.999786	0.000139	0.000036	0.000005	0.000006	0.000003	0.000001	0.000003	0.000000	0.000021	1.199399
47	0.999761	0.000156	0.000041	0.000005	0.000007	0.000004	0.000000	0.000003	0.000000	0.000023	1.199399
48	0.999734	0.000175	0.000044	0.000006	0.000008	0.000004	0.000001	0.000004	0.000000	0.000025	1.199399
49	0.999705	0.000195	0.000049	0.000007	0.000008	0.000004	0.000000	0.000004	0.000000	0.000028	1.199399
50	0.999669	0.000218	0.000055	0.000008	0.000009	0.000004	0.000001	0.000004	0.000000	0.000031	1.199399
51	0.999632	0.000243	0.000061	0.000009	0.000010	0.000005	0.000001	0.000005	0.000000	0.000034	1.199399
52	0.999591	0.000270	0.000067	0.000010	0.000011	0.000006	0.000001	0.000005	0.000000	0.000038	1.199399
53	0.999545	0.000300	0.000074	0.000011	0.000013	0.000006	0.000001	0.000006	0.000000	0.000043	1.199399
54	0.999499	0.000328	0.000080	0.000014	0.000014	0.000008	0.000002	0.000006	0.000000	0.000048	1.199399
55	0.999440	0.000367	0.000090	0.000016	0.000015	0.000008	0.000002	0.000008	0.000000	0.000054	1.199399
56	0.999376	0.000412	0.000097	0.000018	0.000018	0.000010	0.000002	0.000008	0.000000	0.000060	1.199399
57	0.999307	0.000457	0.000108	0.000019	0.000020	0.000011	0.000001	0.000009	0.000000	0.000068	1.199399
58	0.999233	0.000507	0.000119	0.000021	0.000020	0.000012	0.000003	0.000010	0.000000	0.000076	1.199399
59	0.999154	0.000557	0.000133	0.000024	0.000021	0.000012	0.000002	0.000011	0.000000	0.000084	1.199399
60	0.999068	0.000611	0.000151	0.000023	0.000024	0.000014	0.000004	0.000012	0.000000	0.000094	1.199399
61	0.998969	0.000674	0.000167	0.000026	0.000027	0.000016	0.000003	0.000014	0.000000	0.000103	1.199399
62	0.998858	0.000748	0.000182	0.000028	0.000031	0.000018	0.000004	0.000016	0.000000	0.000114	1.199399
63	0.998734	0.000830	0.000203	0.000032	0.000033	0.000020	0.000005	0.000018	0.000000	0.000126	1.199399
64	0.998602	0.000913	0.000226	0.000033	0.000038	0.000022	0.000005	0.000020	0.000000	0.000139	1.199399
65	0.998447	0.001014	0.000252	0.000039	0.000041	0.000025	0.000006	0.000023	0.000000	0.000153	1.199399
66	0.998276	0.001129	0.000277	0.000044	0.000047	0.000027	0.000006	0.000026	0.000000	0.000169	1.199399
67	0.998087	0.001249	0.000310	0.000050	0.000051	0.000031	0.000005	0.000029	0.000000	0.000188	1.199399
68	0.997880	0.001380	0.000345	0.000055	0.000055	0.000035	0.000006	0.000032	0.000000	0.000211	1.199399
69	0.997647	0.001532	0.000385	0.000063	0.000058	0.000038	0.000009	0.000034	0.000000	0.000233	1.199399
70	0.997396	0.001697	0.000423	0.000069	0.000066	0.000042	0.000010	0.000039	0.000000	0.000259	1.199399
71	0.997108	0.001888	0.000469	0.000076	0.000073	0.000046	0.000012	0.000043	0.000000	0.000285	1.199399
72	0.996784	0.002103	0.000520	0.000085	0.000080	0.000050	0.000011	0.000050	0.000000	0.000317	1.199399
73	0.996437	0.002323	0.000582	0.000095	0.000090	0.000054	0.000014	0.000054	0.000000	0.000350	1.199399
74	0.996056	0.002574	0.000637	0.000104	0.000106	0.000060	0.000014	0.000062	0.000000	0.000388	1.199399
75	0.995621	0.002862	0.000701	0.000117	0.000116	0.000066	0.000017	0.000068	0.000000	0.000431	1.199399
76	0.995140	0.003180	0.000776	0.000126	0.000129	0.000072	0.000019	0.000078	0.000000	0.000481	1.199399
77	0.994601	0.003533	0.000865	0.000142	0.000142	0.000081	0.000017	0.000087	0.000001	0.000530	1.199399
78	0.994001	0.003926	0.000958	0.000158	0.000156	0.000089	0.000021	0.000096	0.000001	0.000594	1.199399
79	0.993353	0.004354	0.001057	0.000170	0.000175	0.000100	0.000021	0.000108	0.000001	0.000661	1.199399
80	0.992638	0.004816	0.001173	0.000195	0.000191	0.000110	0.000026	0.000118	0.000001	0.000733	1.199399
81	0.991835	0.005344	0.001300	0.000218	0.000211	0.000120	0.000028	0.000131	0.000001	0.000812	1.199399
82	0.990973	0.005904	0.001426	0.000248	0.000236	0.000132	0.000034	0.000146	0.000001	0.000901	1.199399
83	0.990005	0.006524	0.001589	0.000275	0.000254	0.000147	0.000036	0.000163	0.000002	0.001005	1.199399
84	0.988927	0.007230	0.001766	0.000294	0.000278	0.000162	0.000042	0.000180	0.000002	0.001120	1.199399
85	0.987755	0.007982	0.001958	0.000324	0.000315	0.000179	0.000044	0.000200	0.000002	0.001241	1.199399
86	0.986458	0.008806	0.002189	0.000354	0.000345	0.000197	0.000047	0.000222	0.000002	0.001380	1.199399
87	0.984995	0.009754	0.002435	0.000387	0.000381	0.000220	0.000051	0.000243	0.000002	0.001532	1.199399
88	0.983386	0.010800	0.002688	0.000428	0.000426	0.000242	0.000058	0.000269	0.000003	0.001700	1.199399
89	0.981599	0.011959	0.002969	0.000477	0.000480	0.000269	0.000065	0.000300	0.000003	0.001878	1.199399
90	0.979637	0.013234	0.003288	0.000520	0.000538	0.000295	0.000077	0.000331	0.000003	0.002077	1.199399
91	0.977482	0.014630	0.003633	0.000588	0.000590	0.000325	0.000084	0.000368	0.000003	0.002297	1.199399
92	0.975095	0.016181	0.003994	0.000670	0.000654	0.000357	0.000099	0.000407	0.000004	0.002541	1.199399
93	0.972447	0.017893	0.004435	0.000730	0.000721	0.000394	0.000101	0.000457	0.000004	0.002817	1.199399
94	0.969555	0.019759	0.004896	0.000806	0.000804	0.000432	0.000106	0.000509	0.000005	0.003129	1.199399
95	0.966363	0.021816	0.005414	0.000894	0.000885	0.000481	0.000123	0.000560	0.000006	0.003458	1.199399
96	0.962840	0.024065	0.006003	0.000984	0.000979	0.000536	0.000136	0.000618	0.000006	0.003834	1.199399
97	0.958959	0.026538	0.006655	0.001095	0.001072	0.000596	0.000145	0.000683	0.000007	0.004250	1.199399
98	0.954719	0.029227	0.007364	0.001227	0.001180	0.000659	0.000160	0.000756	0.000008	0.004700	1.199399
99	0.950047	0.032187	0.008136	0.001377	0.001306	0.000734	0.000172	0.000834	0.000008	0.005199	1.199399
100	0.944848	0.035559	0.008927	0.001499	0.001449	0.000819	0.000199	0.000914	0.000010	0.005777	1.199400
101	0.939214	0.039123	0.009859	0.001646	0.001613	0.000903	0.000224	0.001009	0.000010	0.006400	1.199400
102	0.933073	0.043009	0.010867	0.001803	0.001781	0.000997	0.000244	0.001119	0.000011	0.007096	1.199400
103	0.926386	0.047223	0.011950	0.002006	0.001975	0.001113	0.000267	0.001219	0.000011	0.007850	1.199419
104	0.919153	0.051839	0.013177	0.002199	0.002180	0.001231	0.000292	0.001216	0.000013	0.008701	1.199553
105	0.911252	0.056856	0.014540	0.002404	0.002414	0.001358	0.000325	0.001217	0.000014	0.009619	1.199696
106	0.902732	0.062229	0.015982	0.002675	0.002668	0.001499	0.000352	0.001213	0.000015	0.010635	1.199856
107	0.893448	0.068052	0.017563	0.002964	0.002942	0.001664	0.000398	0.001210	0.000016	0.011742	1.200027
108	0.883414	0.074280	0.019310	0.003259	0.003237	0.001840	0.000440	0.001208	0.000019	0.012992	1.200220
109	0.872536	0.081028	0.021154	0.003599	0.003578	0.002030	0.000490	0.001205	0.000022	0.014358	1.200438
110	0.860809	0.088253	0.023200	0.003951	0.003929	0.002231	0.000536	0.001203	0.000023	0.015865	1.200684
111	0.848200	0.096013	0.025368	0.004332	0.004309	0.002452	0.000576	0.001202	0.000026	0.017522	1.200948
112	0.834708	0.104138	0.027786	0.004725	0.004726	0.002684	0.000641	0.001200	0.000029	0.019362	1.201237
113	0.820257	0.112777	0.030367	0.005172	0.005182	0.002953	0.000712	0.001198	0.000032	0.021349	1.201561
114	0.804796	0.121965	0.033123	0.005672	0.005656	0.003235	0.000787	0.001201	0.000033	0.023532	1.201913
115	0.788359	0.131557	0.036110	0.006247	0.006208	0.003545	0.000864	0.001201	0.000036	0.025874	1.202306
116	0.770869	0.141718	0.039213	0.006834	0.006832	0.003895	0.000934	0.001197	0.000038	0.028470	1.202757
117	0.752364	0.152321	0.042551	0.007434	0.007476	0.004269	0.001019	0.001199	0.000041	0.031326	1.203241
118	0.732882	0.163254	0.046096	0.008092	0.008179	0.004688	0.001126	0.001198	0.000043	0.034442	1.203771
119	0.712360	0.174549	0.049905	0.008813	0.008949	0.005126	0.001222	0.001196	0.000046	0.037834	1.204360
120	0.690862	0.186187	0.053932	0.009577	0.009735	0.005596	0.001321	0.001195	0.000049	0.041546	1.204991
121	0.668353	0.198149	0.058138	0.010438	0.010600	0.006111	0.001420	0.001196	0.000051	0.045545	1.205688
122	0.644984	0.210281	0.062566	0.011277	0.011491	0.006675	0.001539	0.001195	0.000054	0.049937	1.206438
123	0.620828	0.222512	0.067170	0.012151	0.012437	0.007266	0.001659	0.001192	0.000055	0.054730	1.207251
124	0.595900	0.234775	0.071933	0.013103	0.013465	0.007889	0.001809	0.001191	0.000057	0.059876	1.208133
125	0.570359	0.246903	0.076888	0.014110	0.014546	0.008554	0.001945	0.001191	0.000060	0.065443	1.209096
126	0.544331	0.258790	0.081940	0.015210	0.015717	0.009250	0.002071	0.001192	0.000062	0.071435	1.210147
127	0.517655	0.270586	0.087136	0.016334	0.016895	0.009994	0.002216	0.001193	0.000063	0.077929	1.211263
128	0.490835	0.281718	0.092509	0.017446	0.018161	0.010777	0.002367	0.001190	0.000065	0.084931	1.212447
129	0.463757	0.292376	0.097936	0.018650	0.019464	0.011620	0.002529	0.001189	0.000068	0.092413	1.213728
130	0.436662	0.302378	0.103366	0.019916	0.020803	0.012513	0.002720	0.001188	0.000071	0.100384	1.215106
131	0.409597	0.311704	0.108780	0.021136	0.022225	0.013450	0.002909	0.001186	0.000074	0.108940	1.216577
132	0.382844	0.320047	0.114209	0.022386	0.023688	0.014406	0.003082	0.001188	0.000076	0.118076	1.218154
133	0.356417	0.327457	0.119484	0.023733	0.025175	0.015419	0.003260	0.001187	0.000079	0.127788	1.219830
134	0.330604	0.333563	0.124814	0.025075	0.026738	0.016456	0.003445	0.001189	0.000082	0.138034	1.221606
135	0.305430	0.338529	0.130020	0.026384	0.028224	0.017545	0.003615	0.001187	0.000084	0.148981	1.223499
136	0.281121	0.342122	0.135021	0.027693	0.029782	0.018653	0.003843	0.001188	0.000087	0.160490	1.225454
137	0.257707	0.344532	0.139740	0.028988	0.031271	0.019792	0.004003	0.001188	0.000087	0.172691	1.227567
138	0.235370	0.345512	0.144129	0.030290	0.032826	0.020987	0.004164	0.001189	0.000088	0.185444	1.229784
139	0.214099	0.345074	0.148282	0.031589	0.034370	0.022158	0.004348	0.001187	0.000090	0.198803	1.232083
140	0.194127	0.343138	0.152044	0.032803	0.035854	0.023343	0.004532	0.001187	0.000093	0.212879	1.234474
141	0.175372	0.339958	0.155329	0.033973	0.037316	0.024516	0.004701	0.001189	0.000095	0.227550	1.237008
142	0.157931	0.335382	0.158240	0.035049	0.038794	0.025709	0.004876	0.001188	0.000096	0.242735	1.239598
143	0.141899	0.329435	0.160637	0.036115	0.040228	0.026863	0.005060	0.001188	0.000098	0.258475	1.242286
144	0.127192	0.322255	0.162571	0.036984	0.041556	0.028061	0.005199	0.001188	0.000101	0.274892	1.245083
145	0.113865	0.313971	0.164005	0.037815	0.042757	0.029239	0.005324	0.001190	0.000102	0.291732	1.247964
146	0.101856	0.304608	0.164918	0.038539	0.043849	0.030361	0.005492	0.001193	0.000105	0.309080	1.250918
147	0.091093	0.294436	0.165283	0.039115	0.044884	0.031455	0.005567	0.001193	0.000105	0.326869	1.253992
148	0.081508	0.283455	0.165069	0.039704	0.045775	0.032468	0.005708	0.001195	0.000106	0.345012	1.257091
149	0.073058	0.271843	0.164352	0.040101	0.046511	0.033442	0.005805	0.001196	0.000106	0.363585	1.260276
150	0.065618	0.259844	0.163012	0.040402	0.047186	0.034375	0.005859	0.001195	0.000108	0.382400	1.263516
151	0.059136	0.247412	0.161312	0.040524	0.047666	0.035242	0.005894	0.001194	0.000109	0.401511	1.266784
152	0.053543	0.234821	0.159001	0.040518	0.047979	0.036077	0.005910	0.001194	0.000110	0.420847	1.270096
153	0.048727	0.222125	0.156151	0.040440	0.048248	0.036805	0.005945	0.001193	0.000112	0.440255	1.273426
154	0.044646	0.209395	0.153002	0.040176	0.048293	0.037407	0.005992	0.001193	0.000113	0.459783	1.276754
155	0.041154	0.196853	0.149426	0.039788	0.048201	0.037924	0.006017	0.001190	0.000115	0.479331	1.280089
156	0.038229	0.184644	0.145332	0.039341	0.047987	0.038295	0.006020	0.001191	0.000115	0.498846	1.283446
157	0.035837	0.172665	0.141059	0.038649	0.047604	0.038564	0.005972	0.001190	0.000116	0.518344	1.286819
158	0.033828	0.161222	0.136373	0.037942	0.047080	0.038772	0.005857	0.001192	0.000117	0.537618	1.290174
159	0.032129	0.150263	0.131321	0.037107	0.046428	0.038901	0.005799	0.001199	0.000117	0.556734	1.293456
160	0.030791	0.139754	0.126162	0.036175	0.045560	0.038892	0.005751	0.001192	0.000117	0.575606	1.296719
161	0.029701	0.129748	0.120779	0.035283	0.044731	0.038817	0.005641	0.001192	0.000117	0.593992	1.299945
162	0.028833	0.120350	0.115262	0.034154	0.043726	0.038622	0.005579	0.001191	0.000117	0.612165	1.303108
163	0.028143	0.111561	0.109703	0.033038	0.042522	0.038327	0.005449	0.001191	0.000117	0.629949	1.306225
164	0.027615	0.103316	0.104096	0.031846	0.041327	0.037911	0.005336	0.001192	0.000116	0.647245	1.309277
165	0.027223	0.095672	0.098437	0.030543	0.040035	0.037418	0.005236	0.001190	0.000117	0.664128	1.312248
166	0.026970	0.088570	0.092927	0.029204	0.038674	0.036834	0.005068	0.001186	0.000116	0.680450	1.315186
167	0.026771	0.082089	0.087493	0.027868	0.037170	0.036184	0.004875	0.001189	0.000117	0.696245	1.318024
168	0.026647	0.076147	0.082079	0.026511	0.035658	0.035452	0.004747	0.001195	0.000116	0.711448	1.320762
169	0.026632	0.070620	0.076876	0.025193	0.034117	0.034628	0.004574	0.001188	0.000116	0.726057	1.323435
170	0.026652	0.065529	0.071833	0.023932	0.032500	0.033751	0.004454	0.001190	0.000116	0.740043	1.325981
171	0.026750	0.060908	0.066976	0.022613	0.030920	0.032762	0.004300	0.001188	0.000117	0.753466	1.328480
172	0.026870	0.056714	0.062367	0.021266	0.029324	0.031752	0.004136	0.001194	0.000117	0.766261	1.330893
173	0.027033	0.052867	0.057956	0.019936	0.027766	0.030741	0.003952	0.001193	0.000118	0.778437	1.333209
174	0.027209	0.049354	0.053825	0.018708	0.026194	0.029644	0.003781	0.001189	0.000118	0.789978	1.335428
175	0.027367	0.046186	0.049870	0.017473	0.024674	0.028544	0.003609	0.001195	0.000117	0.800964	1.337538
176	0.027576	0.043238	0.046163	0.016323	0.023244	0.027408	0.003429	0.001189	0.000117	0.811312	1.339552
177	0.027804	0.040540	0.042730	0.015223	0.021791	0.026262	0.003258	0.001193	0.000118	0.821082	1.341475
178	0.028047	0.038032	0.039612	0.014170	0.020375	0.025096	0.003109	0.001192	0.000118	0.830250	1.343306
179	0.028277	0.035730	0.036737	0.013168	0.018973	0.023944	0.002964	0.001191	0.000117	0.838899	1.345041
180	0.028511	0.033536	0.034107	0.012235	0.017706	0.022788	0.002834	0.001192	0.000116	0.846974	1.346682
181	0.028757	0.031545	0.031677	0.011356	0.016471	0.021659	0.002670	0.001193	0.000116	0.854557	1.348258
182	0.028984	0.029714	0.029431	0.010503	0.015305	0.020529	0.002539	0.001192	0.000117	0.861687	1.349736
183	0.029229	0.027987	0.027305	0.009779	0.014208	0.019393	0.002425	0.001193	0.000117	0.868364	1.351147
184	0.029485	0.026371	0.025432	0.009043	0.013181	0.018325	0.002263	0.001193	0.000117	0.874590	1.352500
185	0.029715	0.024843	0.023711	0.008376	0.012232	0.017241	0.002157	0.001193	0.000116	0.880416	1.353755
186	0.029944	0.023376	0.022138	0.007798	0.011387	0.016253	0.002042	0.001192	0.000116	0.885753	1.354941
187	0.030157	0.022032	0.020696	0.007224	0.010573	0.015267	0.001930	0.001194	0.000116	0.890812	1.356061
188	0.030350	0.020743	0.019360	0.006723	0.009843	0.014342	0.001833	0.001186	0.000116	0.895505	1.357111
189	0.030548	0.019545	0.018142	0.006265	0.009152	0.013440	0.001704	0.001193	0.000116	0.899895	1.358115
190	0.030747	0.018386	0.017033	0.005829	0.008494	0.012604	0.001603	0.001189	0.000116	0.904000	1.359050
191	0.030906	0.017307	0.016018	0.005438	0.007902	0.011797	0.001493	0.001191	0.000116	0.907832	1.359920
192	0.031054	0.016274	0.015095	0.005082	0.007373	0.011012	0.001399	0.001192	0.000116	0.911403	1.360728
193	0.031211	0.015296	0.014190	0.004763	0.006872	0.010280	0.001328	0.001192	0.000116	0.914753	1.361485
194	0.031371	0.014360	0.013363	0.004459	0.006408	0.009607	0.001240	0.001193	0.000114	0.917886	1.362208
195	0.031492	0.013487	0.012622	0.004168	0.006000	0.008972	0.001161	0.001195	0.000113	0.920790	1.362879
196	0.031605	0.012661	0.011886	0.003913	0.005635	0.008369	0.001100	0.001189	0.000114	0.923528	1.363500
197	0.031708	0.011884	0.011210	0.003670	0.005261	0.007814	0.001042	0.001192	0.000114	0.926105	1.364079
198	0.031811	0.011172	0.010545	0.003459	0.004944	0.007296	0.000968	0.001190	0.000115	0.928500	1.364632
199	0.031891	0.010516	0.009895	0.003262	0.004661	0.006799	0.000915	0.001193	0.000115	0.930752	1.365135
200	0.031992	0.009866	0.009310	0.003067	0.004384	0.006338	0.000846	0.001193	0.000115	0.932889	1.365621
201	0.032080	0.009247	0.008752	0.002898	0.004130	0.005923	0.000784	0.001189	0.000115	0.934881	1.366069
202	0.032149	0.008686	0.008215	0.002727	0.003885	0.005528	0.000730	0.001190	0.000115	0.936775	1.366478
203	0.032193	0.008158	0.007720	0.002565	0.003653	0.005163	0.000693	0.001190	0.000115	0.938550	1.366850
204	0.032225	0.007666	0.007248	0.002419	0.003436	0.004823	0.000660	0.001190	0.000115	0.940218	1.367195
205	0.032275	0.007203	0.006796	0.002271	0.003240	0.004521	0.000596	0.001189	0.000117	0.941790	1.367531
206	0.032311	0.006759	0.006382	0.002129	0.003048	0.004236	0.000555	0.001191	0.000116	0.943273	1.367832
207	0.032343	0.006346	0.005995	0.002010	0.002861	0.003963	0.000510	0.001190	0.000117	0.944667	1.368107
208	0.032361	0.005942	0.005643	0.001879	0.002678	0.003717	0.000472	0.001192	0.000117	0.945998	1.368357
209	0.032376	0.005556	0.005292	0.001771	0.002520	0.003487	0.000448	0.001193	0.000118	0.947240	1.368584
210	0.032394	0.005205	0.004975	0.001661	0.002357	0.003268	0.000428	0.001193	0.000119	0.948401	1.368802
211	0.032407	0.004867	0.004660	0.001575	0.002224	0.003067	0.000403	0.001193	0.000119	0.949485	1.369003
212	0.032418	0.004568	0.004384	0.001457	0.002085	0.002878	0.000373	0.001191	0.000118	0.950528	1.369192
213	0.032417	0.004297	0.004106	0.001368	0.001951	0.002703	0.000345	0.001192	0.000118	0.951502	1.369361
214	0.032414	0.004033	0.003845	0.001290	0.001837	0.002545	0.000320	0.001189	0.000119	0.952406	1.369518
215	0.032403	0.003791	0.003591	0.001222	0.001726	0.002387	0.000311	0.001190	0.000120	0.953259	1.369652
216	0.032395	0.003566	0.003371	0.001141	0.001614	0.002239	0.000282	0.001194	0.000119	0.954079	1.369784
217	0.032395	0.003340	0.003158	0.001058	0.001518	0.002103	0.000265	0.001192	0.000119	0.954851	1.369909
218	0.032390	0.003135	0.002969	0.000981	0.001418	0.001970	0.000247	0.001194	0.000118	0.955580	1.370021
219	0.032375	0.002942	0.002785	0.000919	0.001340	0.001848	0.000236	0.001190	0.000117	0.956248	1.370119
220	0.032363	0.002759	0.002607	0.000861	0.001255	0.001738	0.000217	0.001194	0.000117	0.956890	1.370207
221	0.032355	0.002579	0.002443	0.000809	0.001180	0.001645	0.000202	0.001190	0.000116	0.957480	1.370292
222	0.032326	0.002427	0.002291	0.000768	0.001104	0.001544	0.000195	0.001189	0.000116	0.958041	1.370362
223	0.032311	0.002270	0.002155	0.000721	0.001037	0.001448	0.000181	0.001192	0.000114	0.958570	1.370427
224	0.032289	0.002129	0.002016	0.000680	0.000979	0.001363	0.000168	0.001190	0.000113	0.959073	1.370487
225	0.032273	0.001989	0.001891	0.000637	0.000922	0.001285	0.000156	0.001192	0.000113	0.959542	1.370539
226	0.032252	0.001861	0.001780	0.000596	0.000869	0.001211	0.000144	0.001188	0.000113	0.959984	1.370588
227	0.032222	0.001741	0.001675	0.000554	0.000815	0.001138	0.000137	0.001192	0.000113	0.960413	1.370624
228	0.032201	0.001632	0.001568	0.000528	0.000760	0.001071	0.000131	0.001191	0.000113	0.960807	1.370660
229	0.032177	0.001527	0.001469	0.000488	0.000711	0.001001	0.000125	0.001192	0.000114	0.961195	1.370690
230	0.032154	0.001435	0.001368	0.000456	0.000669	0.000937	0.000120	0.001191	0.000112	0.961558	1.370720
231	0.032131	0.001337	0.001285	0.000433	0.000627	0.000879	0.000112	0.001192	0.000111	0.961893	1.370747
232	0.032102	0.001257	0.001207	0.000405	0.000584	0.000825	0.000101	0.001193	0.000110	0.962215	1.370767
233	0.032075	0.001180	0.001131	0.000374	0.000550	0.000773	0.000092	0.001195	0.000109	0.962521	1.370784
234	0.032044	0.001105	0.001064	0.000357	0.000519	0.000730	0.000085	0.001193	0.000108	0.962795	1.370796
235	0.032010	0.001038	0.000996	0.000337	0.000484	0.000683	0.000085	0.001195	0.000107	0.963066	1.370803
236	0.031981	0.000976	0.000934	0.000310	0.000453	0.000639	0.000082	0.001188	0.000105	0.963332	1.370809
237	0.031946	0.000917	0.000877	0.000292	0.000420	0.000599	0.000074	0.001186	0.000105	0.963584	1.370811
238	0.031917	0.000859	0.000818	0.000271	0.000397	0.000560	0.000072	0.001185	0.000104	0.963818	1.370813
239	0.031890	0.000809	0.000760	0.000260	0.000371	0.000525	0.000066	0.001180	0.000102	0.964036	1.370816
240	0.031866	0.000763	0.000709	0.000242	0.000352	0.000491	0.000063	0.001171	0.000101	0.964243	1.370819
241	0.031844	0.000715	0.000664	0.000222	0.000334	0.000459	0.000057	0.001159	0.000101	0.964447	1.370821
242	0.031820	0.000679	0.000617	0.000209	0.000312	0.000428	0.000057	0.001145	0.000099	0.964634	1.370823
243	0.031801	0.000639	0.000579	0.000192	0.000291	0.000400	0.000051	0.001135	0.000098	0.964816	1.370826
244	0.031784	0.000598	0.000539	0.000183	0.000274	0.000373	0.000048	0.001114	0.000099	0.964988	1.370828
245	0.031766	0.000566	0.000500	0.000172	0.000251	0.000347	0.000046	0.001097	0.000097	0.965157	1.370831
246	0.031750	0.000536	0.000464	0.000164	0.000238	0.000325	0.000039	0.001077	0.000095	0.965312	1.370833
247	0.031736	0.000508	0.000431	0.000156	0.000223	0.000304	0.000037	0.001049	0.000094	0.965462	1.370835
248	0.031722	0.000478	0.000403	0.000146	0.000208	0.000283	0.000033	0.001025	0.000093	0.965608	1.370837
249	0.031708	0.000452	0.000375	0.000140	0.000194	0.000267	0.000032	0.000998	0.000093	0.965740	1.370839
250	0.031696	0.000424	0.000354	0.000128	0.000179	0.000249	0.000031	0.000971	0.000093	0.965873	1.370841
251	0.031684	0.000403	0.000332	0.000118	0.000165	0.000233	0.000029	0.000948	0.000091	0.965996	1.370843
252	0.031671	0.000384	0.000309	0.000109	0.000155	0.000220	0.000025	0.000920	0.000090	0.966117	1.370845
253	0.031660	0.000364	0.000289	0.000104	0.000145	0.000205	0.000025	0.000889	0.000089	0.966230	1.370847
254	0.031652	0.000341	0.000274	0.000093	0.000136	0.000192	0.000022	0.000863	0.000088	0.966340	1.370849
255	0.031643	0.000324	0.000257	0.000086	0.000128	0.000180	0.000023	0.000831	0.000087	0.966442	1.370851
256	0.031636	0.000304	0.000245	0.000080	0.000117	0.000170	0.000021	0.000806	0.000085	0.966537	1.370852
257	0.031627	0.000290	0.000228	0.000078	0.000106	0.000160	0.000020	0.000781	0.000084	0.966627	1.370854
258	0.031619	0.000279	0.000207	0.000076	0.000100	0.000149	0.000018	0.000756	0.000083	0.966713	1.370856
259	0.031611	0.000269	0.000195	0.000066	0.000094	0.000140	0.000017	0.000728	0.000082	0.966798	1.370858
260	0.031604	0.000257	0.000182	0.000060	0.000089	0.000129	0.000017	0.000696	0.000082	0.966883	1.370860
261	0.031599	0.000245	0.000169	0.000061	0.000083	0.000123	0.000014	0.000670	0.000082	0.966954	1.370862
262	0.031595	0.000234	0.000157	0.000056	0.000077	0.000114	0.000014	0.000642	0.000080	0.967031	1.370864
263	0.031590	0.000224	0.000150	0.000052	0.000073	0.000107	0.000014	0.000612	0.000079	0.967099	1.370866
264	0.031585	0.000216	0.000141	0.000049	0.000069	0.000100	0.000013	0.000585	0.000078	0.967164	1.370867
265	0.031581	0.000205	0.000134	0.000045	0.000065	0.000095	0.000010	0.000561	0.000077	0.967226	1.370869
266	0.031578	0.000196	0.000124	0.000042	0.000061	0.000089	0.000009	0.000533	0.000075	0.967292	1.370870
267	0.031575	0.000188	0.000118	0.000040	0.000058	0.000082	0.000008	0.000506	0.000074	0.967351	1.370872
268	0.031572	0.000182	0.000112	0.000036	0.000053	0.000076	0.000008	0.000479	0.000071	0.967411	1.370875
269	0.031568	0.000177	0.000105	0.000035	0.000049	0.000072	0.000007	0.000453	0.000070	0.967466	1.370876
270	0.031566	0.000168	0.000098	0.000034	0.000048	0.000068	0.000007	0.000428	0.000070	0.967514	1.370878
271	0.031564	0.000161	0.000095	0.000030	0.000043	0.000063	0.000007	0.000403	0.000068	0.967565	1.370880
272	0.031562	0.000154	0.000088	0.000029	0.000042	0.000060	0.000008	0.000377	0.000068	0.967612	1.370881
273	0.031560	0.000148	0.000082	0.000027	0.000040	0.000058	0.000007	0.000358	0.000066	0.967654	1.370882
274	0.031558	0.000144	0.000076	0.000026	0.000039	0.000054	0.000007	0.000338	0.000065	0.967693	1.370884
275	0.031556	0.000139	0.000072	0.000024	0.000036	0.000051	0.000006	0.000318	0.000064	0.967733	1.370885
276	0.031555	0.000133	0.000068	0.000023	0.000035	0.000049	0.000005	0.000295	0.000063	0.967774	1.370887
277	0.031554	0.000128	0.000063	0.000022	0.000034	0.000046	0.000006	0.000275	0.000062	0.967810	1.370888
278	0.031554	0.000124	0.000060	0.000018	0.000031	0.000043	0.000006	0.000256	0.000060	0.967848	1.370890
279	0.031552	0.000121	0.000055	0.000019	0.000030	0.000040	0.000005	0.000240	0.000060	0.967879	1.370891
280	0.031551	0.000115	0.000054	0.000017	0.000027	0.000039	0.000004	0.000224	0.000058	0.967909	1.370893
281	0.031550	0.000112	0.000052	0.000015	0.000025	0.000037	0.000003	0.000210	0.000056	0.967940	1.370894
282	0.031548	0.000110	0.000049	0.000014	0.000024	0.000035	0.000004	0.000196	0.000055	0.967965	1.370895
283	0.031548	0.000106	0.000048	0.000014	0.000023	0.000033	0.000003	0.000183	0.000053	0.967989	1.370897
284	0.031548	0.000103	0.000045	0.000014	0.000022	0.000030	0.000003	0.000171	0.000052	0.968013	1.370898
285	0.031547	0.000100	0.000040	0.000014	0.000021	0.000028	0.000003	0.000158	0.000051	0.968037	1.370899
286	0.031546	0.000099	0.000038	0.000013	0.000020	0.000026	0.000005	0.000148	0.000049	0.968057	1.370900
287	0.031545	0.000097	0.000035	0.000013	0.000018	0.000023	0.000004	0.000140	0.000048	0.968076	1.370901
288	0.031545	0.000095	0.000033	0.000012	0.000018	0.000022	0.000003	0.000134	0.000047	0.968091	1.370902
289	0.031545	0.000092	0.000030	0.000011	0.000017	0.000021	0.000002	0.000126	0.000046	0.968110	1.370903
290	0.031544	0.000091	0.000028	0.000009	0.000017	0.000019	0.000002	0.000120	0.000044	0.968125	1.370904
291	0.031544	0.000090	0.000026	0.000008	0.000016	0.000017	0.000002	0.000113	0.000042	0.968141	1.370904
292	0.031544	0.000089	0.000025	0.000008	0.000015	0.000017	0.000002	0.000105	0.000041	0.968155	1.370905
293	0.031544	0.000089	0.000023	0.000008	0.000014	0.000016	0.000002	0.000099	0.000039	0.968168	1.370907
294	0.031544	0.000088	0.000021	0.000006	0.000013	0.000014	0.000003	0.000092	0.000038	0.968183	1.370908
295	0.031543	0.000086	0.000020	0.000006	0.000011	0.000013	0.000002	0.000086	0.000037	0.968195	1.370909
296	0.031543	0.000084	0.000019	0.000007	0.000010	0.000012	0.000002	0.000080	0.000035	0.968207	1.370909
297	0.031543	0.000083	0.000018	0.000007	0.000009	0.000012	0.000001	0.000075	0.000034	0.968218	1.370910
298	0.031543	0.000082	0.000017	0.000005	0.000008	0.000010	0.000002	0.000071	0.000033	0.968228	1.370911
299	0.031543	0.000081	0.000015	0.000005	0.000008	0.000008	0.000002	0.000068	0.000032	0.968238	1.370912
300	0.031543	0.000080	0.000014	0.000005	0.000007	0.000008	0.000002	0.000064	0.000031	0.968247	1.370912
301	0.031543	0.000079	0.000014	0.000005	0.000007	0.000007	0.000001	0.000060	0.000030	0.968255	1.370913
302	0.031544	0.000078	0.000013	0.000005	0.000007	0.000007	0.000001	0.000057	0.000028	0.968262	1.370914
303	0.031543	0.000077	0.000013	0.000004	0.000006	0.000006	0.000001	0.000053	0.000027	0.968269	1.370914
304	0.031543	0.000076	0.000012	0.000004	0.000006	0.000006	0.000001	0.000050	0.000026	0.968276	1.370915
305	0.031544	0.000075	0.000011	0.000005	0.000006	0.000006	0.000001	0.000047	0.000024	0.968282	1.370916
306	0.031544	0.000074	0.000011	0.000003	0.000006	0.000006	0.000001	0.000045	0.000023	0.968288	1.370917
307	0.031545	0.000073	0.000010	0.000004	0.000006	0.000006	0.000001	0.000042	0.000021	0.968294	1.370918
308	0.031545	0.000072	0.000009	0.000003	0.000005	0.000005	0.000001	0.000039	0.000020	0.968300	1.370918
309	0.031545	0.000072	0.000009	0.000002	0.000005	0.000005	0.000000	0.000038	0.000019	0.968305	1.370919
310	0.031545	0.000071	0.000009	0.000002	0.000004	0.000005	0.000001	0.000035	0.000017	0.968310	1.370920
311	0.031546	0.000070	0.000009	0.000002	0.000004	0.000005	0.000001	0.000033	0.000017	0.968314	1.370920
312	0.031545	0.000070	0.000008	0.000002	0.000004	0.000004	0.000001	0.000032	0.000016	0.968318	1.370921
313	0.031545	0.000070	0.000007	0.000002	0.000004	0.000004	0.000001	0.000030	0.000015	0.968322	1.370921
314	0.031546	0.000070	0.000007	0.000001	0.000003	0.000004	0.000000	0.000029	0.000014	0.968326	1.370922
315	0.031545	0.000070	0.000006	0.000002	0.000003	0.000004	0.000000	0.000026	0.000013	0.968331	1.370922
316	0.031546	0.000069	0.000005	0.000002	0.000003	0.000004	0.000000	0.000025	0.000012	0.968334	1.370922
317	0.031546	0.000070	0.000005	0.000002	0.000003	0.000004	0.000000	0.000023	0.000012	0.968337	1.370923
318	0.031546	0.000069	0.000005	0.000002	0.000003	0.000004	0.000000	0.000021	0.000012	0.968339	1.370923
319	0.031546	0.000068	0.000005	0.000001	0.000002	0.000003	0.000001	0.000020	0.000011	0.968343	1.370923
320	0.031546	0.000068	0.000005	0.000002	0.000002	0.000003	0.000001	0.000020	0.000011	0.968344	1.370924
321	0.031546	0.000067	0.000004	0.000001	0.000002	0.000003	0.000001	0.000018	0.000010	0.968347	1.370924
322	0.031546	0.000067	0.000004	0.000001	0.000002	0.000002	0.000000	0.000017	0.000009	0.968349	1.370924
323	0.031546	0.000067	0.000004	0.000002	0.000002	0.000002	0.000000	0.000016	0.000009	0.968352	1.370925
324	0.031546	0.000067	0.000004	0.000001	0.000002	0.000002	0.000000	0.000014	0.000008	0.968355	1.370925
325	0.031546	0.000067	0.000004	0.000001	0.000002	0.000002	0.000000	0.000014	0.000008	0.968357	1.370925
326	0.031546	0.000067	0.000004	0.000001	0.000002	0.000002	0.000000	0.000013	0.000008	0.968359	1.370925
327	0.031546	0.000066	0.000004	0.000001	0.000001	0.000002	0.000000	0.000012	0.000007	0.968361	1.370926
328	0.031546	0.000066	0.000003	0.000001	0.000001	0.000002	0.000000	0.000011	0.000007	0.968363	1.370926
329	0.031546	0.000066	0.000003	0.000001	0.000001	0.000002	0.000000	0.000010	0.000007	0.968364	1.370926
330	0.031546	0.000065	0.000003	0.000001	0.000001	0.000002	0.000000	0.000009	0.000007	0.968365	1.370926
331	0.031546	0.000065	0.000003	0.000000	0.000002	0.000002	0.000000	0.000008	0.000006	0.968367	1.370927
332	0.031547	0.000065	0.000003	0.000001	0.000001	0.000001	0.000000	0.000008	0.000006	0.968368	1.370927
333	0.031547	0.000065	0.000003	0.000001	0.000001	0.000001	0.000000	0.000007	0.000005	0.968370	1.370927
334	0.031547	0.000065	0.000002	0.000001	0.000001	0.000001	0.000000	0.000007	0.000005	0.968371	1.370927
335	0.031547	0.000065	0.000002	0.000001	0.000001	0.000001	0.000000	0.000006	0.000005	0.968372	1.370927
336	0.031547	0.000065	0.000002	0.000001	0.000001	0.000001	0.000000	0.000006	0.000004	0.968373	1.370928
337	0.031547	0.000065	0.000001	0.000001	0.000001	0.000001	0.000000	0.000006	0.000004	0.968375	1.370928
338	0.031547	0.000064	0.000001	0.000001	0.000001	0.000001	0.000000	0.000006	0.000004	0.968375	1.370928
339	0.031547	0.000064	0.000001	0.000001	0.000001	0.000000	0.000000	0.000006	0.000003	0.968376	1.370928
340	0.031547	0.000064	0.000001	0.000000	0.000001	0.000000	0.000000	0.000005	0.000003	0.968377	1.370928
341	0.031547	0.000064	0.000001	0.000000	0.000001	0.000000	0.000000	0.000004	0.000003	0.968379	1.370928
342	0.031548	0.000064	0.000001	0.000000	0.000001	0.000000	0.000000	0.000004	0.000003	0.968380	1.370928
343	0.031548	0.000063	0.000001	0.000000	0.000001	0.000000	0.000000	0.000004	0.000003	0.968381	1.370928
344	0.031547	0.000063	0.000001	0.000000	0.000001	0.000000	0.000000	0.000003	0.000002	0.968381	1.370928
345	0.031547	0.000063	0.000001	0.000000	0.000000	0.000000	0.000000	0.000003	0.000002	0.968382	1.370928
346	0.031547	0.000063	0.000001	0.000000	0.000000	0.000000	0.000000	0.000003	0.000002	0.968382	1.370928
347	0.031547	0.000063	0.000001	0.000000	0.000000	0.000000	0.000000	0.000002	0.000002	0.968383	1.370928
348	0.031548	0.000063	0.000002	0.000000	0.000000	0.000000	0.000000	0.000002	0.000002	0.968383	1.370928
349	0.031547	0.000063	0.000001	0.000000	0.000000	0.000000	0.000000	0.000002	0.000002	0.968383	1.370928
350	0.031547	0.000063	0.000001	0.000000	0.000000	0.000000	0.000000	0.000002	0.000002	0.968384	1.370928
351	0.031548	0.000063	0.000001	0.000000	0.000000	0.000000	0.000000	0.000002	0.000002	0.968384	1.370929
352	0.031548	0.000062	0.000001	0.000000	0.000000	0.000000	0.000000	0.000002	0.000002	0.968384	1.370929
353	0.031548	0.000062	0.000001	0.000000	0.000000	0.000000	0.000000	0.000002	0.000002	0.968385	1.370929
354	0.031548	0.000062	0.000001	0.000000	0.000000	0.000000	0.000000	0.000002	0.000002	0.968385	1.370929
355	0.031548	0.000062	0.000001	0.000000	0.000000	0.000000	0.000000	0.000002	0.000002	0.968385	1.370929
356	0.031548	0.000062	0.000001	0.000000	0.000000	0.000000	0.000000	0.000001	0.000001	0.968386	1.370929
357	0.031548	0.000062	0.000001	0.000000	0.000000	0.000000	0.000000	0.000001	0.000001	0.968386	1.370929
358	0.031548	0.000062	0.000000	0.000000	0.000000	0.000000	0.000000	0.000001	0.000001	0.968387	1.370929
359	0.031548	0.000062	0.000000	0.000000	0.000000	0.000000	0.000000	0.000001	0.000001	0.968387	1.370929
360	0.031548	0.000062	0.000000	0.000000	0.000000	0.000000	0.000000	0.000001	0.000001	0.968387	1.370929
361	0.031548	0.000062	0.000000	0.000000	0.000000	0.000000	0.000000	0.000001	0.000001	0.968387	1.370929
362	0.031548	0.000062	0.000000	0.000000	0.000000	0.000000	0.000000	0.000001	0.000001	0.968387	1.370929
363	0.031548	0.000062	0.000000	0.000000	0.000000	0.000000	0.000000	0.000001	0.000001	0.968388	1.370929
364	0.031548	0.000062	0.000000	0.000000	0.000000	0.000000	0.000000	0.000001	0.000000	0.968388	1.370929
365	0.031548	0.000062	0.000000	0.000000	0.000000	0.000000	0.000000	0.000001	0.000000	0.968388	1.370929
366	0.031548	0.000062	0.000000	0.000000	0.000000	0.000000	0.000000	0.000001	0.000000	0.968388	1.370929
367	0.031548	0.000062	0.000000	0.000000	0.000000	0.000000	0.000000	0.000001	0.000000	0.968388	1.370929
368	0.031548	0.000062	0.000000	0.000000	0.000000	0.000000	0.000000	0.000001	0.000000	0.968388	1.370929
369	0.031548	0.000062	0.000000	0.000000	0.000000	0.000000	0.000000	0.000001	0.000000	0.968388	1.370929
370	0.031548	0.000062	0.000000	0.000000	0.000000	0.000000	0.000000	0.000001	0.000000	0.968388	1.370929
371	0.031548	0.000062	0.000000	0.000000	0.000000	0.000000	0.000000	0.000001	0.000000	0.968389	1.370929
372	0.031548	0.000062	0.000000	0.000000	0.000000	0.000000	0.000000	0.000001	0.000000	0.968389	1.370929
373	0.031548	0.000062	0.000000	0.000000	0.000000	0.000000	0.000000	0.000001	0.000000	0.968389	1.370929
374	0.031548	0.000062	0.000000	0.000000	0.000000	0.000000	0.000000	0.000001	0.000000	0.968389	1.370929
375	0.031548	0.000062	0.000000	0.000000	0.000000	0.000000	0.000000	0.000001	0.000000	0.968389	1.370929
376	0.031548	0.000062	0.000000	0.000000	0.000000	0.000000	0.000000	0.000001	0.000000	0.968389	1.370929
377	0.031548	0.000062	0.000000	0.000000	0.000000	0.000000	0.000000	0.000001	0.000000	0.968389	1.370929
378	0.031548	0.000062	0.000000	0.000000	0.000000	0.000000	0.000000	0.000001	0.000000	0.968389	1.370929
379	0.031548	0.000062	0.000000	0.000000	0.000000	0.000000	0.000000	0.000001	0.000000	0.968389	1.370929
380	0.031548	0.000062	0.000000	0.000000	0.000000	0.000000	0.000000	0.000000	0.000000	0.968389	1.370929
381	0.031548	0.000062	0.000000	0.000000	0.000000	0.000000	0.000000	0.000000	0.000000	0.968389	1.370929
382	0.031548	0.000062	0.000000	0.000000	0.000000	0.000000	0.000000	0.000000	0.000000	0.968389	1.370929
383	0.031548	0.000062	0.000000	0.000000	0.000000	0.000000	0.000000	0.000000	0.000000	0.968389	1.370929
384	0.031548	0.000062	0.000000	0.000000	0.000000	0.000000	0.000000	0.000000	0.000000	0.968389	1.370929
385	0.031548	0.000062	0.000000	0.000000	0.000000	0.000000	0.000000	0.000000	0.000000	0.968389	1.370930
386	0.031548	0.000062	0.000000	0.000000	0.000000	0.000000	0.000000	0.000000	0.000000	0.968389	1.370930
387	0.031548	0.000062	0.000000	0.000000	0.000000	0.000000	0.000000	0.000000	0.000000	0.968389	1.370930
