0	0.031339	0.000062	0.000000	0.000000	0.000000	0.000000	0.000000	0.000000	0.000000	0.968599	0.856543
0	0.999999	0.000000	0.000000	0.000000	0.000000	0.000000	0.000000	0.000000	0.000000	0.000000	0.856543
1	0.999999	0.000000	0.000000	0.000000	0.000000	0.000000	0.000000	0.000000	0.000000	0.000000	0.856543
2	0.999999	0.000000	0.000000	0.000000	0.000000	0.000000	0.000000	0.000000	0.000000	0.000000	0.856543
3	0.999999	0.000001	0.000000	0.000000	0.000000	0.000000	0.000000	0.000000	0.000000	0.000000	0.856543
4	0.999999	0.000001	0.000000	0.000000	0.000000	0.000000	0.000000	0.000000	0.000000	0.000000	0.856543
5	0.999998	0.000001	0.000000	0.000000	0.000000	0.000000	0.000000	0.000000	0.000000	0.000000	0.856543
6	0.999998	0.000001	0.000000	0.000000	0.000000	0.000000	0.000000	0.000000	0.000000	0.000000	0.856543
7	0.999998	0.000001	0.000000	0.000000	0.000000	0.000000	0.000000	0.000000	0.000000	0.000000	0.856543
8	0.999998	0.000001	0.000000	0.000000	0.000000	0.000000	0.000000	0.000000	0.000000	0.000000	0.856543
9	0.999998	0.000002	0.000000	0.000000	0.000000	0.000000	0.000000	0.000000	0.000000	0.000000	0.856543
10	0.999997	0.000002	0.000000	0.000000	0.000000	0.000000	0.000000	0.000000	0.000000	0.000000	0.856543
11	0.999997	0.000002	0.000000	0.000000	0.000000	0.000000	0.000000	0.000000	0.000000	0.000000	0.856543
12	0.999997	0.000002	0.000001	0.000000	0.000000	0.000000	0.000000	0.000000	0.000000	0.000000	0.856543
13	0.999996	0.000002	0.000000	0.000000	0.000000	0.000000	0.000000	0.000000	0.000000	0.000000	0.856543
14	0.999996	0.000003	0.000000	0.000000	0.000000	0.000000	0.000000	0.000000	0.000000	0.000000	0.856543
15	0.999995	0.000004	0.000001	0.000000	0.000000	0.000000	0.000000	0.000000	0.000000	0.000000	0.856543
16	0.999995	0.000004	0.000001	0.000000	0.000000	0.000000	0.000000	0.000000	0.000000	0.000000	0.856543
17	0.999995	0.000004	0.000001	0.000000	0.000000	0.000000	0.000000	0.000000	0.000000	0.000000	0.856543
18	0.999994	0.000004	0.000001	0.000000	0.000000	0.000000	0.000000	0.000000	0.000000	0.000000	0.856543
19	0.999994	0.000004	0.000001	0.000000	0.000000	0.000000	0.000000	0.000000	0.000000	0.000000	0.856543
20	0.999992	0.000005	0.000001	0.000000	0.000000	0.000000	0.000000	0.000000	0.000000	0.000000	0.856543
21	0.999992	0.000006	0.000001	0.000000	0.000000	0.000000	0.000000	0.000000	0.000000	0.000001	0.856543
22	0.999991	0.000006	0.000002	0.000000	0.000000	0.000000	0.000000	0.000000	0.000000	0.000001	0.856543
23	0.999991	0.000007	0.000001	0.000000	0.000000	0.000000	0.000000	0.000000	0.000000	0.000001	0.856543
24	0.999990	0.000007	0.000002	0.000000	0.000000	0.000000	0.000000	0.000000	0.000000	0.000001	0.856543
25	0.999989	0.000007	0.000002	0.000000	0.000000	0.000000	0.000000	0.000000	0.000000	0.000001	0.856543
26	0.999988	0.000008	0.000002	0.000000	0.000000	0.000000	0.000000	0.000000	0.000000	0.000001	0.856543
27	0.999987	0.000009	0.000002	0.000000	0.000000	0.000000	0.000000	0.000000	0.000000	0.000001	0.856543
28	0.999986	0.000009	0.000003	0.000000	0.000000	0.000000	0.000000	0.000000	0.000000	0.000001	0.856543
29	0.999984	0.000010	0.000003	0.000000	0.000000	0.000000	0.000000	0.000000	0.000000	0.000002	0.856543
30	0.999982	0.000012	0.000003	0.000000	0.000000	0.000000	0.000000	0.000000	0.000000	0.000002	0.856543
31	0.999981	0.000012	0.000004	0.000000	0.000001	0.000000	0.000000	0.000000	0.000000	0.000002	0.856543
32	0.999978	0.000014	0.000004	0.000000	0.000001	0.000000	0.000000	0.000000	0.000000	0.000002	0.856543
33	0.999975	0.000016	0.000005	0.000000	0.000001	0.000000	0.000000	0.000000	0.000000	0.000002	0.856543
34	0.999973	0.000018	0.000004	0.000000	0.000001	0.000000	0.000000	0.000000	0.000000	0.000002	0.856543
35	0.999971	0.000020	0.000004	0.000001	0.000001	0.000000	0.000000	0.000000	0.000000	0.000003	0.856543
36	0.999968	0.000021	0.000005	0.000000	0.000001	0.000001	0.000000	0.000000	0.000000	0.000003	0.856543
37	0.999965	0.000023	0.000006	0.000001	0.000001	0.000001	0.000000	0.000000	0.000000	0.000003	0.856543
38	0.999962	0.000025	0.000006	0.000001	0.000001	0.000001	0.000000	0.000000	0.000000	0.000004	0.856543
39	0.999957	0.000029	0.000007	0.000001	0.000001	0.000001	0.000000	0.000000	0.000000	0.000004	0.856543
40	0.999952	0.000030	0.000009	0.000001	0.000001	0.000001	0.000000	0.000001	0.000000	0.000004	0.856543
41	0.999947	0.000034	0.000009	0.000001	0.000001	0.000001	0.000000	0.000001	0.000000	0.000005	0.856543
42	0.999941	0.000038	0.000011	0.000002	0.000001	0.000001	0.000000	0.000001	0.000000	0.000005	0.856543
43	0.999934	0.000042	0.000012	0.000002	0.000001	0.000001	0.000000	0.000001	0.000000	0.000006	0.856543
44	0.999924	0.000050	0.000012	0.000003	0.000002	0.000002	0.000000	0.000001	0.000000	0.000006	0.856543
45	0.999918	0.000054	0.000013	0.000003	0.000002	0.000002	0.000001	0.000001	0.000000	0.000007	0.856543
46	0.999910	0.000059	0.000013	0.000003	0.000002	0.000001	0.000001	0.000001	0.000000	0.000009	0.856543
47	0.999902	0.000064	0.000016	0.000003	0.000002	0.000002	0.000000	0.000002	0.000000	0.000009	0.856543
48	0.999891	0.000070	0.000019	0.000002	0.000002	0.000002	0.000000	0.000002	0.000000	0.000011	0.856543
49	0.999881	0.000076	0.000021	0.000003	0.000002	0.000002	0.000000	0.000002	0.000000	0.000012	0.856543
50	0.999867	0.000084	0.000023	0.000004	0.000004	0.000002	0.000000	0.000002	0.000000	0.000013	0.856543
51	0.999850	0.000097	0.000024	0.000004	0.000004	0.000003	0.000001	0.000002	0.000000	0.000015	0.856543
52	0.999833	0.000109	0.000025	0.000005	0.000005	0.000003	0.000001	0.000003	0.000000	0.000017	0.856543
53	0.999815	0.000121	0.000027	0.000006	0.000005	0.000003	0.000001	0.000003	0.000000	0.000018	0.856543
54	0.999793	0.000137	0.000029	0.000006	0.000006	0.000004	0.000001	0.000004	0.000000	0.000021	0.856543
55	0.999771	0.000151	0.000033	0.000007	0.000006	0.000004	0.000001	0.000004	0.000000	0.000023	0.856543
56	0.999747	0.000167	0.000037	0.000007	0.000007	0.000004	0.000001	0.000004	0.000000	0.000025	0.856543
57	0.999723	0.000183	0.000041	0.000007	0.000007	0.000004	0.000001	0.000005	0.000000	0.000028	0.856543
58	0.999691	0.000205	0.000045	0.000008	0.000008	0.000005	0.000002	0.000006	0.000000	0.000032	0.856543
59	0.999662	0.000222	0.000050	0.000010	0.000009	0.000005	0.000002	0.000006	0.000000	0.000035	0.856543
60	0.999626	0.000244	0.000058	0.000009	0.000010	0.000005	0.000002	0.000007	0.000000	0.000038	0.856543
61	0.999585	0.000271	0.000066	0.000010	0.000011	0.000006	0.000001	0.000008	0.000000	0.000043	0.856543
62	0.999540	0.000299	0.000075	0.000011	0.000011	0.000006	0.000001	0.000009	0.000000	0.000048	0.856543
63	0.999490	0.000333	0.000082	0.000013	0.000012	0.000007	0.000001	0.000009	0.000000	0.000053	0.856543
64	0.999436	0.000363	0.000095	0.000014	0.000013	0.000008	0.000002	0.000010	0.000000	0.000058	0.856543
65	0.999372	0.000408	0.000105	0.000016	0.000014	0.000009	0.000002	0.000010	0.000000	0.000064	0.856543
66	0.999301	0.000455	0.000115	0.000019	0.000016	0.000010	0.000002	0.000012	0.000000	0.000070	0.856543
67	0.999220	0.000511	0.000124	0.000021	0.000019	0.000011	0.000002	0.000014	0.000000	0.000078	0.856543
68	0.999133	0.000569	0.000138	0.000021	0.000023	0.000012	0.000003	0.000014	0.000000	0.000087	0.856543
69	0.999042	0.000625	0.000154	0.000026	0.000025	0.000013	0.000003	0.000015	0.000000	0.000095	0.856543
70	0.998939	0.000693	0.000170	0.000028	0.000028	0.000014	0.000005	0.000016	0.000000	0.000106	0.856543
71	0.998823	0.000770	0.000187	0.000030	0.000032	0.000016	0.000004	0.000019	0.000000	0.000118	0.856543
72	0.998698	0.000854	0.000204	0.000035	0.000036	0.000017	0.000006	0.000020	0.000000	0.000130	0.856543
73	0.998561	0.000940	0.000229	0.000036	0.000039	0.000019	0.000006	0.000023	0.000000	0.000145	0.856543
74	0.998407	0.001038	0.000253	0.000042	0.000044	0.000023	0.000006	0.000026	0.000000	0.000160	0.856543
75	0.998238	0.001146	0.000282	0.000046	0.000050	0.000025	0.000006	0.000029	0.000000	0.000178	0.856543
76	0.998051	0.001266	0.000312	0.000052	0.000055	0.000028	0.000008	0.000032	0.000000	0.000197	0.856543
77	0.997841	0.001403	0.000348	0.000058	0.000058	0.000031	0.000007	0.000036	0.000000	0.000219	0.856543
78	0.997598	0.001561	0.000388	0.000066	0.000064	0.000034	0.000008	0.000040	0.000000	0.000240	0.856543
79	0.997331	0.001739	0.000427	0.000073	0.000070	0.000039	0.000010	0.000044	0.000000	0.000267	0.856543
80	0.997042	0.001927	0.000478	0.000079	0.000075	0.000042	0.000010	0.000049	0.000000	0.000296	0.856543
81	0.996711	0.002144	0.000530	0.000088	0.000083	0.000047	0.000011	0.000054	0.000001	0.000330	0.856543
82	0.996349	0.002381	0.000591	0.000099	0.000094	0.000050	0.000013	0.000059	0.000001	0.000363	0.856543
83	0.995952	0.002642	0.000651	0.000108	0.000104	0.000054	0.000016	0.000065	0.000001	0.000407	0.856543
84	0.995519	0.002925	0.000721	0.000118	0.000115	0.000061	0.000019	0.000072	0.000001	0.000450	0.856543
85	0.995041	0.003236	0.000801	0.000134	0.000123	0.000066	0.000020	0.000080	0.000001	0.000497	0.856543
86	0.994507	0.003577	0.000888	0.000151	0.000140	0.000075	0.000021	0.000089	0.000001	0.000551	0.856543
87	0.993907	0.003973	0.000978	0.000169	0.000155	0.000082	0.000021	0.000099	0.000001	0.000614	0.856543
88	0.993233	0.004425	0.001076	0.000184	0.000169	0.000091	0.000024	0.000109	0.000001	0.000687	0.856543
89	0.992520	0.004885	0.001195	0.000196	0.000189	0.000101	0.000027	0.000120	0.000001	0.000765	0.856543
90	0.991712	0.005407	0.001330	0.000214	0.000212	0.000113	0.000029	0.000135	0.000001	0.000847	0.856543
91	0.990839	0.005967	0.001473	0.000237	0.000235	0.000126	0.000033	0.000149	0.000001	0.000941	0.856543
92	0.989832	0.006625	0.001633	0.000265	0.000259	0.000142	0.000035	0.000166	0.000001	0.001042	0.856543
93	0.988728	0.007364	0.001793	0.000296	0.000292	0.000160	0.000034	0.000184	0.000001	0.001148	0.856543
94	0.987531	0.008134	0.001991	0.000329	0.000325	0.000178	0.000037	0.000201	0.000002	0.001272	0.856543
95	0.986209	0.008982	0.002206	0.000366	0.000365	0.000196	0.000045	0.000219	0.000002	0.001409	0.856543
96	0.984737	0.009938	0.002445	0.000406	0.000403	0.000216	0.000055	0.000239	0.000002	0.001559	0.856543
97	0.983091	0.011013	0.002708	0.000447	0.000441	0.000243	0.000060	0.000267	0.000002	0.001729	0.856543
98	0.981283	0.012186	0.003000	0.000493	0.000491	0.000261	0.000070	0.000297	0.000003	0.001917	0.856543
99	0.979275	0.013507	0.003297	0.000545	0.000547	0.000290	0.000078	0.000332	0.000003	0.002125	0.856543
100	0.977091	0.014907	0.003658	0.000601	0.000608	0.000324	0.000085	0.000371	0.000004	0.002351	0.856543
101	0.974671	0.016471	0.004043	0.000674	0.000672	0.000360	0.000088	0.000414	0.000004	0.002602	0.856543
102	0.972012	0.018169	0.004497	0.000747	0.000732	0.000400	0.000099	0.000460	0.000004	0.002881	0.856544
103	0.969028	0.020077	0.004997	0.000832	0.000811	0.000442	0.000108	0.000510	0.000005	0.003192	0.856544
104	0.965747	0.022207	0.005506	0.000924	0.000903	0.000492	0.000121	0.000561	0.000005	0.003535	0.856544
105	0.962150	0.024533	0.006078	0.001017	0.000992	0.000544	0.000134	0.000622	0.000005	0.003926	0.856544
106	0.958220	0.027056	0.006715	0.001118	0.001101	0.000599	0.000150	0.000687	0.000005	0.004349	0.856544
107	0.953842	0.029895	0.007409	0.001232	0.001213	0.000661	0.000170	0.000759	0.000006	0.004813	0.856544
108	0.949108	0.032922	0.008168	0.001354	0.001341	0.000739	0.000184	0.000844	0.000007	0.005333	0.856544
109	0.943921	0.036225	0.009007	0.001508	0.001477	0.000818	0.000210	0.000935	0.000008	0.005892	0.856544
110	0.938205	0.039830	0.009979	0.001642	0.001642	0.000907	0.000227	0.001036	0.000009	0.006525	0.856544
111	0.931964	0.043745	0.011031	0.001811	0.001802	0.001014	0.000253	0.001147	0.000010	0.007223	0.856544
112	0.925134	0.048085	0.012161	0.002012	0.001998	0.001123	0.000282	0.001221	0.000011	0.007972	0.856595
113	0.917800	0.052762	0.013398	0.002225	0.002210	0.001248	0.000305	0.001219	0.000012	0.008821	0.856731
114	0.909807	0.057833	0.014784	0.002441	0.002442	0.001386	0.000326	0.001218	0.000013	0.009750	0.856889
115	0.901120	0.063353	0.016229	0.002711	0.002702	0.001527	0.000356	0.001213	0.000015	0.010774	0.857056
116	0.891666	0.069324	0.017828	0.002992	0.002989	0.001681	0.000399	0.001212	0.000016	0.011892	0.857230
117	0.881540	0.075657	0.019534	0.003322	0.003288	0.001854	0.000441	0.001209	0.000018	0.013137	0.857428
118	0.870567	0.082442	0.021446	0.003642	0.003622	0.002038	0.000487	0.001206	0.000020	0.014530	0.857646
119	0.858724	0.089730	0.023479	0.004013	0.003971	0.002248	0.000542	0.001200	0.000022	0.016070	0.857896
120	0.845993	0.097508	0.025642	0.004415	0.004381	0.002473	0.000608	0.001203	0.000025	0.017754	0.858152
121	0.832339	0.105787	0.028056	0.004818	0.004827	0.002709	0.000655	0.001200	0.000027	0.019582	0.858459
122	0.817746	0.114531	0.030660	0.005271	0.005271	0.002974	0.000734	0.001199	0.000030	0.021584	0.858788
123	0.802143	0.123779	0.033430	0.005771	0.005796	0.003271	0.000795	0.001199	0.000032	0.023784	0.859157
124	0.785538	0.133500	0.036409	0.006319	0.006339	0.003589	0.000868	0.001200	0.000035	0.026203	0.859561
125	0.767887	0.143707	0.039588	0.006893	0.006928	0.003944	0.000947	0.001198	0.000037	0.028871	0.860009
126	0.749273	0.154362	0.042944	0.007496	0.007587	0.004317	0.001031	0.001200	0.000038	0.031752	0.860506
127	0.729637	0.165416	0.046506	0.008189	0.008279	0.004707	0.001116	0.001195	0.000041	0.034914	0.861055
128	0.708975	0.176803	0.050297	0.008919	0.009015	0.005151	0.001228	0.001195	0.000045	0.038372	0.861638
129	0.687425	0.188429	0.054327	0.009672	0.009788	0.005639	0.001333	0.001194	0.000047	0.042145	0.862280
130	0.664911	0.200280	0.058600	0.010505	0.010641	0.006161	0.001429	0.001195	0.000050	0.046229	0.862983
131	0.641478	0.212411	0.063021	0.011373	0.011554	0.006711	0.001547	0.001189	0.000051	0.050663	0.863741
132	0.617237	0.224564	0.067619	0.012374	0.012524	0.007311	0.001686	0.001190	0.000055	0.055439	0.864554
133	0.592336	0.236671	0.072471	0.013286	0.013542	0.007938	0.001815	0.001192	0.000058	0.060692	0.865444
134	0.566733	0.248820	0.077343	0.014346	0.014649	0.008617	0.001951	0.001194	0.000059	0.066287	0.866414
135	0.540675	0.260603	0.082485	0.015387	0.015814	0.009333	0.002097	0.001196	0.000063	0.072349	0.867460
136	0.514193	0.272061	0.087707	0.016515	0.017035	0.010105	0.002257	0.001193	0.000065	0.078870	0.868597
137	0.487310	0.283165	0.093080	0.017663	0.018290	0.010908	0.002400	0.001191	0.000068	0.085926	0.869820
138	0.460295	0.293644	0.098575	0.018822	0.019579	0.011742	0.002577	0.001189	0.000071	0.093507	0.871112
139	0.433214	0.303483	0.104094	0.020069	0.020960	0.012627	0.002715	0.001189	0.000073	0.101575	0.872515
140	0.406227	0.312579	0.109591	0.021309	0.022389	0.013558	0.002888	0.001191	0.000075	0.110193	0.873998
141	0.379521	0.320758	0.114968	0.022627	0.023895	0.014526	0.003079	0.001190	0.000077	0.119359	0.875572
142	0.353186	0.327916	0.120333	0.023914	0.025427	0.015528	0.003267	0.001188	0.000078	0.129163	0.877254
143	0.327396	0.333960	0.125612	0.025301	0.026950	0.016559	0.003473	0.001186	0.000081	0.139481	0.879022
144	0.302313	0.338825	0.130699	0.026655	0.028454	0.017631	0.003637	0.001184	0.000082	0.150520	0.880915
145	0.278156	0.342292	0.135617	0.027933	0.029945	0.018737	0.003830	0.001188	0.000085	0.162217	0.882913
146	0.254864	0.344521	0.140337	0.029230	0.031455	0.019873	0.003992	0.001189	0.000087	0.174453	0.885017
147	0.232637	0.345363	0.144656	0.030491	0.033022	0.021048	0.004166	0.001186	0.000091	0.187341	0.887225
148	0.211514	0.344869	0.148607	0.031757	0.034556	0.022242	0.004370	0.001186	0.000093	0.200805	0.889515
149	0.191641	0.342889	0.152218	0.032990	0.036099	0.023439	0.004568	0.001191	0.000095	0.214870	0.891923
150	0.173168	0.339359	0.155568	0.034126	0.037551	0.024642	0.004749	0.001186	0.000098	0.229552	0.894438
151	0.155926	0.334599	0.158468	0.035212	0.038928	0.025786	0.004916	0.001191	0.000098	0.244875	0.897058
152	0.140153	0.328450	0.160824	0.036237	0.040263	0.026984	0.005057	0.001185	0.000101	0.260745	0.899786
153	0.125616	0.321248	0.162603	0.037215	0.041532	0.028138	0.005220	0.001187	0.000103	0.277138	0.902574
154	0.112436	0.312772	0.164033	0.037964	0.042733	0.029302	0.005390	0.001194	0.000105	0.294071	0.905464
155	0.100552	0.303415	0.164786	0.038731	0.043842	0.030412	0.005522	0.001192	0.000107	0.311439	0.908450
156	0.089925	0.293182	0.164995	0.039379	0.044845	0.031494	0.005633	0.001192	0.000108	0.329247	0.911527
157	0.080486	0.282097	0.164851	0.039907	0.045713	0.032518	0.005655	0.001193	0.000108	0.347471	0.914690
158	0.072097	0.270506	0.164037	0.040213	0.046440	0.033479	0.005778	0.001194	0.000109	0.366148	0.917831
159	0.064826	0.258451	0.162668	0.040500	0.047009	0.034379	0.005860	0.001195	0.000109	0.385002	0.921058
160	0.058489	0.245981	0.160831	0.040666	0.047528	0.035217	0.005927	0.001199	0.000110	0.404053	0.924330
161	0.052968	0.233417	0.158432	0.040625	0.047886	0.036002	0.005985	0.001195	0.000111	0.423380	0.927646
162	0.048256	0.220730	0.155656	0.040490	0.048138	0.036671	0.005977	0.001195	0.000112	0.442774	0.930995
163	0.044218	0.208036	0.152422	0.040207	0.048220	0.037280	0.006016	0.001192	0.000112	0.462297	0.934336
164	0.040807	0.195577	0.148846	0.039765	0.048076	0.037790	0.006004	0.001192	0.000113	0.481829	0.937720
165	0.037990	0.183286	0.144742	0.039308	0.047894	0.038208	0.005983	0.001197	0.000114	0.501280	0.941081
166	0.035602	0.171363	0.140383	0.038702	0.047465	0.038519	0.005952	0.001194	0.000113	0.520707	0.944432
167	0.033593	0.159967	0.135685	0.037980	0.046946	0.038717	0.005865	0.001192	0.000115	0.539940	0.947760
168	0.031931	0.148963	0.130782	0.037043	0.046305	0.038805	0.005842	0.001192	0.000115	0.559023	0.951036
169	0.030600	0.138505	0.125636	0.036133	0.045492	0.038810	0.005742	0.001190	0.000115	0.577776	0.954325
170	0.029537	0.128668	0.120199	0.035097	0.044569	0.038726	0.005668	0.001195	0.000115	0.596227	0.957546
171	0.028681	0.119343	0.114640	0.034145	0.043535	0.038521	0.005560	0.001193	0.000115	0.614266	0.960721
172	0.028025	0.110610	0.109176	0.032867	0.042333	0.038230	0.005397	0.001193	0.000116	0.632053	0.963855
173	0.027503	0.102473	0.103460	0.031705	0.041097	0.037878	0.005304	0.001191	0.000116	0.649272	0.966882
174	0.027105	0.094887	0.097882	0.030406	0.039760	0.037375	0.005173	0.001187	0.000116	0.666108	0.969861
175	0.026830	0.087876	0.092285	0.029138	0.038413	0.036783	0.005051	0.001192	0.000116	0.682316	0.972755
176	0.026677	0.081426	0.086829	0.027776	0.036926	0.036135	0.004899	0.001193	0.000117	0.698023	0.975575
177	0.026620	0.075487	0.081468	0.026382	0.035431	0.035402	0.004736	0.001187	0.000118	0.713168	0.978340
178	0.026567	0.070095	0.076230	0.025016	0.033887	0.034612	0.004550	0.001191	0.000119	0.727733	0.980985
179	0.026561	0.065150	0.071196	0.023664	0.032319	0.033744	0.004399	0.001190	0.000119	0.741658	0.983525
180	0.026633	0.060557	0.066457	0.022330	0.030694	0.032774	0.004211	0.001190	0.000120	0.755035	0.985998
181	0.026710	0.056402	0.061818	0.021089	0.029132	0.031767	0.004069	0.001195	0.000121	0.767698	0.988351
182	0.026867	0.052614	0.057452	0.019787	0.027592	0.030694	0.003910	0.001191	0.000120	0.779773	0.990637
183	0.027015	0.049169	0.053338	0.018522	0.026033	0.029605	0.003749	0.001189	0.000121	0.791260	0.992816
184	0.027200	0.045940	0.049506	0.017290	0.024534	0.028481	0.003605	0.001190	0.000121	0.802133	0.994904
185	0.027423	0.043016	0.045912	0.016130	0.023041	0.027349	0.003421	0.001192	0.000122	0.812394	0.996925
186	0.027637	0.040340	0.042489	0.015074	0.021626	0.026193	0.003272	0.001190	0.000121	0.822057	0.998836
187	0.027857	0.037883	0.039391	0.014037	0.020239	0.025004	0.003105	0.001192	0.000121	0.831171	1.000661
188	0.028107	0.035589	0.036505	0.013083	0.018890	0.023816	0.002952	0.001191	0.000122	0.839743	1.002394
189	0.028357	0.033444	0.033860	0.012128	0.017649	0.022636	0.002814	0.001187	0.000123	0.847801	1.004043
190	0.028594	0.031463	0.031430	0.011264	0.016382	0.021508	0.002686	0.001194	0.000123	0.855355	1.005594
191	0.028866	0.029604	0.029165	0.010442	0.015260	0.020362	0.002560	0.001190	0.000124	0.862428	1.007091
192	0.029103	0.027877	0.027151	0.009665	0.014190	0.019260	0.002400	0.001188	0.000125	0.869042	1.008506
193	0.029324	0.026268	0.025313	0.008930	0.013175	0.018191	0.002254	0.001194	0.000125	0.875227	1.009832
194	0.029553	0.024736	0.023597	0.008298	0.012238	0.017164	0.002120	0.001192	0.000124	0.880978	1.011086
195	0.029759	0.023300	0.022038	0.007717	0.011340	0.016135	0.002020	0.001192	0.000125	0.886375	1.012258
196	0.029959	0.021931	0.020630	0.007145	0.010537	0.015168	0.001913	0.001193	0.000124	0.891401	1.013357
197	0.030180	0.020657	0.019274	0.006665	0.009818	0.014220	0.001797	0.001191	0.000123	0.896076	1.014416
198	0.030397	0.019447	0.018044	0.006223	0.009124	0.013319	0.001690	0.001193	0.000123	0.900440	1.015408
199	0.030562	0.018327	0.016929	0.005784	0.008494	0.012475	0.001585	0.001193	0.000122	0.904528	1.016329
200	0.030754	0.017241	0.015909	0.005392	0.007900	0.011671	0.001484	0.001192	0.000123	0.908334	1.017207
201	0.030902	0.016199	0.014950	0.005071	0.007364	0.010898	0.001408	0.001193	0.000123	0.911893	1.018005
202	0.031067	0.015222	0.014052	0.004755	0.006884	0.010172	0.001315	0.001187	0.000124	0.915222	1.018776
203	0.031215	0.014289	0.013236	0.004446	0.006426	0.009524	0.001231	0.001188	0.000124	0.918322	1.019482
204	0.031336	0.013431	0.012470	0.004165	0.006022	0.008895	0.001152	0.001193	0.000124	0.921212	1.020139
205	0.031432	0.012643	0.011728	0.003899	0.005643	0.008300	0.001085	0.001193	0.000123	0.923954	1.020748
206	0.031546	0.011866	0.011065	0.003657	0.005267	0.007745	0.001020	0.001189	0.000124	0.926521	1.021328
207	0.031648	0.011129	0.010416	0.003436	0.004969	0.007234	0.000952	0.001192	0.000124	0.928899	1.021868
208	0.031736	0.010432	0.009812	0.003261	0.004659	0.006741	0.000895	0.001191	0.000122	0.931150	1.022372
209	0.031812	0.009796	0.009238	0.003048	0.004373	0.006304	0.000837	0.001194	0.000120	0.933277	1.022838
210	0.031873	0.009196	0.008721	0.002855	0.004098	0.005884	0.000777	0.001194	0.000120	0.935281	1.023275
211	0.031936	0.008634	0.008204	0.002683	0.003845	0.005497	0.000732	0.001191	0.000121	0.937157	1.023684
212	0.031994	0.008098	0.007723	0.002532	0.003626	0.005147	0.000678	0.001192	0.000120	0.938889	1.024064
213	0.032044	0.007606	0.007231	0.002395	0.003412	0.004815	0.000641	0.001194	0.000119	0.940542	1.024411
214	0.032087	0.007137	0.006809	0.002255	0.003190	0.004517	0.000586	0.001190	0.000121	0.942107	1.024738
215	0.032123	0.006686	0.006416	0.002111	0.002991	0.004236	0.000549	0.001192	0.000121	0.943577	1.025032
216	0.032144	0.006266	0.006020	0.001992	0.002812	0.003970	0.000520	0.001188	0.000121	0.944967	1.025300
217	0.032158	0.005886	0.005639	0.001876	0.002640	0.003716	0.000490	0.001190	0.000122	0.946282	1.025550
218	0.032179	0.005508	0.005307	0.001766	0.002482	0.003473	0.000463	0.001190	0.000123	0.947509	1.025781
219	0.032196	0.005163	0.004977	0.001661	0.002334	0.003258	0.000433	0.001193	0.000123	0.948662	1.026000
220	0.032225	0.004830	0.004677	0.001555	0.002200	0.003054	0.000397	0.001192	0.000122	0.949747	1.026212
221	0.032238	0.004529	0.004383	0.001465	0.002064	0.002856	0.000382	0.001195	0.000121	0.950766	1.026397
222	0.032255	0.004255	0.004101	0.001388	0.001945	0.002681	0.000349	0.001193	0.000121	0.951712	1.026578
223	0.032258	0.003990	0.003851	0.001301	0.001821	0.002515	0.000320	0.001192	0.000121	0.952631	1.026736
224	0.032247	0.003745	0.003600	0.001228	0.001709	0.002366	0.000304	0.001197	0.000121	0.953483	1.026875
225	0.032248	0.003513	0.003378	0.001147	0.001596	0.002222	0.000284	0.001188	0.000121	0.954302	1.027011
226	0.032238	0.003292	0.003164	0.001078	0.001511	0.002091	0.000264	0.001193	0.000122	0.955046	1.027128
227	0.032232	0.003092	0.002958	0.001013	0.001412	0.001962	0.000251	0.001193	0.000122	0.955767	1.027240
228	0.032223	0.002910	0.002760	0.000942	0.001328	0.001836	0.000242	0.001193	0.000121	0.956446	1.027340
229	0.032220	0.002716	0.002604	0.000873	0.001242	0.001726	0.000216	0.001192	0.000121	0.957090	1.027435
230	0.032203	0.002548	0.002437	0.000814	0.001164	0.001625	0.000201	0.001189	0.000120	0.957697	1.027520
231	0.032177	0.002392	0.002288	0.000767	0.001080	0.001523	0.000193	0.001191	0.000120	0.958269	1.027588
232	0.032167	0.002240	0.002145	0.000704	0.001019	0.001430	0.000177	0.001190	0.000121	0.958807	1.027657
233	0.032147	0.002099	0.002017	0.000664	0.000953	0.001346	0.000163	0.001187	0.000121	0.959304	1.027717
234	0.032121	0.001971	0.001879	0.000627	0.000895	0.001265	0.000160	0.001192	0.000119	0.959771	1.027761
235	0.032104	0.001850	0.001754	0.000594	0.000841	0.001185	0.000148	0.001190	0.000119	0.960215	1.027810
236	0.032080	0.001727	0.001647	0.000555	0.000787	0.001117	0.000135	0.001187	0.000120	0.960646	1.027850
237	0.032054	0.001619	0.001539	0.000518	0.000740	0.001047	0.000131	0.001192	0.000119	0.961041	1.027879
238	0.032026	0.001519	0.001445	0.000487	0.000700	0.000978	0.000122	0.001196	0.000118	0.961408	1.027911
239	0.032005	0.001423	0.001351	0.000456	0.000656	0.000919	0.000115	0.001193	0.000116	0.961766	1.027942
240	0.031978	0.001336	0.001268	0.000431	0.000611	0.000860	0.000104	0.001191	0.000115	0.962104	1.027965
241	0.031946	0.001250	0.001199	0.000396	0.000568	0.000813	0.000097	0.001189	0.000114	0.962426	1.027979
242	0.031915	0.001169	0.001123	0.000379	0.000534	0.000765	0.000093	0.001192	0.000115	0.962715	1.027990
243	0.031888	0.001099	0.001047	0.000355	0.000496	0.000716	0.000087	0.001193	0.000114	0.963006	1.028002
244	0.031858	0.001027	0.000987	0.000326	0.000470	0.000670	0.000086	0.001194	0.000113	0.963270	1.028011
245	0.031832	0.000963	0.000924	0.000307	0.000445	0.000632	0.000079	0.001193	0.000113	0.963512	1.028019
246	0.031802	0.000905	0.000859	0.000300	0.000411	0.000595	0.000076	0.001191	0.000112	0.963750	1.028022
247	0.031775	0.000853	0.000796	0.000280	0.000384	0.000556	0.000071	0.001187	0.000111	0.963986	1.028025
248	0.031749	0.000801	0.000745	0.000264	0.000359	0.000521	0.000062	0.001183	0.000111	0.964206	1.028026
249	0.031726	0.000752	0.000694	0.000247	0.000341	0.000486	0.000059	0.001173	0.000109	0.964413	1.028029
250	0.031701	0.000713	0.000648	0.000224	0.000322	0.000453	0.000056	0.001162	0.000108	0.964613	1.028031
251	0.031682	0.000667	0.000608	0.000212	0.000299	0.000425	0.000054	0.001147	0.000106	0.964800	1.028034
252	0.031661	0.000631	0.000565	0.000200	0.000281	0.000399	0.000049	0.001129	0.000105	0.964979	1.028036
253	0.031643	0.000590	0.000527	0.000188	0.000263	0.000371	0.000049	0.001115	0.000104	0.965148	1.028037
254	0.031625	0.000557	0.000493	0.000172	0.000245	0.000350	0.000045	0.001097	0.000104	0.965313	1.028039
255	0.031609	0.000525	0.000457	0.000158	0.000229	0.000329	0.000042	0.001075	0.000103	0.965475	1.028042
256	0.031593	0.000493	0.000431	0.000150	0.000207	0.000308	0.000037	0.001050	0.000101	0.965629	1.028044
257	0.031584	0.000462	0.000405	0.000139	0.000194	0.000287	0.000036	0.001029	0.000098	0.965766	1.028047
258	0.031573	0.000434	0.000382	0.000128	0.000183	0.000267	0.000035	0.001005	0.000097	0.965897	1.028050
259	0.031563	0.000407	0.000356	0.000123	0.000171	0.000249	0.000033	0.000981	0.000095	0.966022	1.028052
260	0.031550	0.000386	0.000330	0.000121	0.000159	0.000233	0.000027	0.000956	0.000095	0.966143	1.028054
261	0.031540	0.000365	0.000307	0.000114	0.000150	0.000217	0.000026	0.000928	0.000094	0.966258	1.028057
262	0.031530	0.000343	0.000289	0.000104	0.000141	0.000204	0.000024	0.000901	0.000093	0.966371	1.028058
263	0.031520	0.000327	0.000272	0.000098	0.000129	0.000187	0.000023	0.000869	0.000092	0.966483	1.028060
264	0.031513	0.000309	0.000254	0.000091	0.000119	0.000174	0.000021	0.000841	0.000090	0.966586	1.028062
265	0.031504	0.000293	0.000242	0.000080	0.000112	0.000162	0.000020	0.000811	0.000090	0.966686	1.028064
266	0.031497	0.000279	0.000225	0.000076	0.000108	0.000153	0.000019	0.000778	0.000089	0.966776	1.028066
267	0.031491	0.000266	0.000210	0.000068	0.000100	0.000142	0.000020	0.000750	0.000088	0.966864	1.028067
268	0.031484	0.000255	0.000194	0.000066	0.000094	0.000135	0.000016	0.000722	0.000087	0.966947	1.028070
269	0.031479	0.000246	0.000177	0.000062	0.000086	0.000126	0.000017	0.000690	0.000086	0.967031	1.028071
270	0.031475	0.000233	0.000167	0.000058	0.000080	0.000116	0.000014	0.000666	0.000084	0.967107	1.028074
271	0.031471	0.000221	0.000156	0.000055	0.000074	0.000110	0.000014	0.000639	0.000083	0.967176	1.028075
272	0.031466	0.000211	0.000147	0.000053	0.000067	0.000103	0.000012	0.000611	0.000082	0.967249	1.028078
273	0.031462	0.000202	0.000137	0.000050	0.000067	0.000098	0.000011	0.000579	0.000080	0.967315	1.028080
274	0.031457	0.000194	0.000127	0.000046	0.000063	0.000090	0.000011	0.000555	0.000078	0.967379	1.028082
275	0.031454	0.000185	0.000118	0.000044	0.000058	0.000086	0.000010	0.000532	0.000077	0.967435	1.028084
276	0.031451	0.000179	0.000110	0.000039	0.000056	0.000082	0.000009	0.000505	0.000075	0.967494	1.028086
277	0.031448	0.000173	0.000103	0.000037	0.000053	0.000076	0.000009	0.000480	0.000074	0.967547	1.028088
278	0.031445	0.000168	0.000094	0.000037	0.000049	0.000072	0.000008	0.000455	0.000072	0.967601	1.028089
279	0.031442	0.000163	0.000088	0.000034	0.000046	0.000069	0.000007	0.000434	0.000070	0.967646	1.028091
280	0.031439	0.000157	0.000084	0.000032	0.000042	0.000065	0.000007	0.000411	0.000069	0.967696	1.028093
281	0.031437	0.000150	0.000079	0.000030	0.000040	0.000061	0.000007	0.000389	0.000068	0.967738	1.028095
282	0.031435	0.000145	0.000075	0.000027	0.000037	0.000056	0.000006	0.000367	0.000066	0.967785	1.028096
283	0.031434	0.000140	0.000072	0.000024	0.000034	0.000051	0.000007	0.000344	0.000064	0.967831	1.028097
284	0.031433	0.000136	0.000068	0.000022	0.000031	0.000047	0.000006	0.000327	0.000063	0.967869	1.028099
285	0.031431	0.000131	0.000065	0.000020	0.000029	0.000043	0.000006	0.000309	0.000061	0.967905	1.028101
286	0.031430	0.000128	0.000061	0.000019	0.000027	0.000041	0.000006	0.000289	0.000059	0.967940	1.028102
287	0.031428	0.000125	0.000058	0.000018	0.000025	0.000039	0.000005	0.000271	0.000057	0.967974	1.028104
288	0.031426	0.000122	0.000053	0.000018	0.000025	0.000036	0.000005	0.000253	0.000056	0.968006	1.028105
289	0.031425	0.000117	0.000053	0.000015	0.000023	0.000034	0.000004	0.000238	0.000054	0.968036	1.028106
290	0.031424	0.000114	0.000050	0.000015	0.000022	0.000031	0.000005	0.000221	0.000053	0.968065	1.028108
291	0.031424	0.000111	0.000046	0.000013	0.000022	0.000030	0.000004	0.000207	0.000052	0.968090	1.028109
292	0.031423	0.000108	0.000044	0.000013	0.000021	0.000028	0.000002	0.000195	0.000052	0.968114	1.028110
293	0.031421	0.000106	0.000040	0.000013	0.000021	0.000027	0.000003	0.000182	0.000051	0.968137	1.028111
294	0.031421	0.000102	0.000038	0.000013	0.000020	0.000025	0.000003	0.000172	0.000049	0.968158	1.028112
295	0.031420	0.000100	0.000035	0.000013	0.000020	0.000024	0.000003	0.000161	0.000047	0.968178	1.028112
296	0.031419	0.000097	0.000035	0.000011	0.000018	0.000022	0.000002	0.000150	0.000046	0.968198	1.028114
297	0.031418	0.000096	0.000034	0.000010	0.000017	0.000020	0.000002	0.000140	0.000044	0.968218	1.028115
298	0.031417	0.000094	0.000034	0.000009	0.000016	0.000019	0.000002	0.000129	0.000043	0.968236	1.028116
299	0.031417	0.000092	0.000031	0.000009	0.000016	0.000018	0.000002	0.000119	0.000043	0.968254	1.028117
300	0.031416	0.000090	0.000030	0.000009	0.000015	0.000018	0.000002	0.000113	0.000041	0.968266	1.028117
301	0.031416	0.000089	0.000026	0.000009	0.000015	0.000017	0.000002	0.000104	0.000040	0.968282	1.028118
302	0.031416	0.000087	0.000024	0.000009	0.000014	0.000016	0.000002	0.000097	0.000038	0.968297	1.028120
303	0.031417	0.000085	0.000023	0.000007	0.000013	0.000016	0.000002	0.000090	0.000037	0.968312	1.028121
304	0.031417	0.000083	0.000022	0.000007	0.000012	0.000014	0.000002	0.000085	0.000036	0.968323	1.028121
305	0.031416	0.000082	0.000021	0.000005	0.000011	0.000013	0.000002	0.000080	0.000034	0.968334	1.028122
306	0.031417	0.000081	0.000021	0.000005	0.000010	0.000012	0.000003	0.000075	0.000032	0.968345	1.028124
307	0.031416	0.000081	0.000019	0.000005	0.000009	0.000012	0.000001	0.000072	0.000031	0.968354	1.028124
308	0.031416	0.000080	0.000016	0.000005	0.000009	0.000012	0.000001	0.000067	0.000030	0.968364	1.028125
309	0.031415	0.000079	0.000016	0.000004	0.000008	0.000011	0.000002	0.000061	0.000029	0.968374	1.028125
310	0.031415	0.000078	0.000015	0.000004	0.000008	0.000010	0.000001	0.000058	0.000028	0.968382	1.028126
311	0.031416	0.000077	0.000014	0.000003	0.000008	0.000009	0.000001	0.000055	0.000026	0.968391	1.028127
312	0.031416	0.000075	0.000016	0.000003	0.000007	0.000009	0.000001	0.000050	0.000025	0.968399	1.028128
313	0.031416	0.000074	0.000015	0.000003	0.000006	0.000008	0.000001	0.000048	0.000025	0.968404	1.028128
314	0.031416	0.000073	0.000013	0.000004	0.000006	0.000008	0.000001	0.000046	0.000024	0.968410	1.028129
315	0.031416	0.000072	0.000013	0.000004	0.000005	0.000008	0.000001	0.000044	0.000023	0.968415	1.028129
316	0.031416	0.000071	0.000012	0.000003	0.000005	0.000008	0.000001	0.000042	0.000021	0.968420	1.028130
317	0.031416	0.000070	0.000012	0.000003	0.000004	0.000007	0.000001	0.000039	0.000021	0.968427	1.028131
318	0.031416	0.000069	0.000012	0.000003	0.000005	0.000007	0.000000	0.000037	0.000020	0.968432	1.028131
319	0.031416	0.000069	0.000011	0.000003	0.000004	0.000007	0.000001	0.000034	0.000019	0.968436	1.028131
320	0.031416	0.000068	0.000011	0.000003	0.000004	0.000006	0.000001	0.000033	0.000019	0.968440	1.028132
321	0.031416	0.000068	0.000010	0.000003	0.000004	0.000006	0.000001	0.000031	0.000018	0.968444	1.028132
322	0.031416	0.000068	0.000009	0.000004	0.000004	0.000006	0.000001	0.000029	0.000017	0.968448	1.028133
323	0.031416	0.000067	0.000008	0.000003	0.000004	0.000005	0.000001	0.000027	0.000016	0.968453	1.028133
324	0.031415	0.000067	0.000008	0.000003	0.000004	0.000005	0.000001	0.000026	0.000015	0.968457	1.028133
325	0.031416	0.000066	0.000008	0.000003	0.000004	0.000005	0.000001	0.000024	0.000014	0.968460	1.028134
326	0.031416	0.000065	0.000008	0.000003	0.000003	0.000004	0.000001	0.000023	0.000013	0.968464	1.028134
327	0.031416	0.000065	0.000007	0.000002	0.000003	0.000004	0.000001	0.000022	0.000013	0.968466	1.028135
328	0.031417	0.000065	0.000006	0.000002	0.000002	0.000004	0.000000	0.000021	0.000012	0.968471	1.028135
329	0.031417	0.000065	0.000005	0.000003	0.000001	0.000004	0.000001	0.000020	0.000012	0.968473	1.028136
330	0.031417	0.000065	0.000005	0.000002	0.000001	0.000003	0.000000	0.000019	0.000010	0.968476	1.028137
331	0.031417	0.000064	0.000004	0.000002	0.000002	0.000003	0.000000	0.000018	0.000010	0.968479	1.028137
332	0.031417	0.000064	0.000004	0.000003	0.000001	0.000003	0.000000	0.000017	0.000010	0.968482	1.028137
333	0.031418	0.000064	0.000003	0.000003	0.000001	0.000002	0.000000	0.000015	0.000009	0.968485	1.028138
334	0.031418	0.000064	0.000003	0.000003	0.000001	0.000002	0.000000	0.000015	0.000008	0.968487	1.028138
335	0.031418	0.000063	0.000003	0.000002	0.000001	0.000002	0.000000	0.000013	0.000008	0.968490	1.028138
336	0.031418	0.000063	0.000003	0.000002	0.000001	0.000002	0.000000	0.000013	0.000007	0.968492	1.028138
337	0.031418	0.000063	0.000002	0.000001	0.000001	0.000001	0.000000	0.000012	0.000007	0.968493	1.028139
338	0.031418	0.000063	0.000002	0.000001	0.000001	0.000001	0.000000	0.000011	0.000007	0.968495	1.028139
339	0.031418	0.000062	0.000002	0.000001	0.000001	0.000001	0.000000	0.000011	0.000006	0.968497	1.028139
340	0.031418	0.000062	0.000002	0.000001	0.000001	0.000001	0.000000	0.000010	0.000006	0.968498	1.028139
341	0.031418	0.000062	0.000002	0.000001	0.000001	0.000001	0.000000	0.000010	0.000005	0.968499	1.028140
342	0.031418	0.000062	0.000002	0.000001	0.000001	0.000001	0.000000	0.000009	0.000005	0.968500	1.028140
343	0.031418	0.000062	0.000002	0.000000	0.000001	0.000001	0.000000	0.000009	0.000005	0.968502	1.028140
344	0.031418	0.000062	0.000002	0.000000	0.000001	0.000001	0.000000	0.000008	0.000004	0.968503	1.028140
345	0.031418	0.000062	0.000001	0.000000	0.000001	0.000001	0.000000	0.000008	0.000004	0.968504	1.028140
346	0.031418	0.000062	0.000002	0.000000	0.000001	0.000001	0.000000	0.000007	0.000004	0.968504	1.028141
347	0.031419	0.000061	0.000002	0.000001	0.000001	0.000001	0.000000	0.000007	0.000004	0.968505	1.028141
348	0.031419	0.000061	0.000002	0.000001	0.000001	0.000001	0.000000	0.000007	0.000003	0.968505	1.028141
349	0.031419	0.000061	0.000002	0.000000	0.000001	0.000001	0.000000	0.000006	0.000003	0.968507	1.028141
350	0.031419	0.000061	0.000002	0.000000	0.000001	0.000001	0.000000	0.000006	0.000003	0.968507	1.028141
351	0.031419	0.000061	0.000001	0.000001	0.000001	0.000001	0.000000	0.000005	0.000003	0.968509	1.028141
352	0.031419	0.000061	0.000002	0.000000	0.000001	0.000001	0.000000	0.000004	0.000003	0.968509	1.028141
353	0.031419	0.000060	0.000001	0.000000	0.000001	0.000001	0.000000	0.000004	0.000003	0.968510	1.028141
354	0.031419	0.000060	0.000001	0.000000	0.000000	0.000001	0.000000	0.000004	0.000003	0.968511	1.028141
355	0.031419	0.000061	0.000001	0.000000	0.000000	0.000001	0.000000	0.000004	0.000002	0.968511	1.028142
356	0.031419	0.000060	0.000001	0.000000	0.000000	0.000001	0.000000	0.000004	0.000002	0.968511	1.028142
357	0.031419	0.000060	0.000001	0.000000	0.000000	0.000001	0.000000	0.000004	0.000002	0.968511	1.028142
358	0.031419	0.000060	0.000001	0.000000	0.000000	0.000001	0.000000	0.000004	0.000002	0.968512	1.028142
359	0.031419	0.000060	0.000001	0.000000	0.000000	0.000001	0.000000	0.000004	0.000002	0.968513	1.028142
360	0.031419	0.000060	0.000001	0.000000	0.000000	0.000001	0.000000	0.000003	0.000002	0.968513	1.028142
361	0.031419	0.000060	0.000001	0.000000	0.000000	0.000001	0.000000	0.000003	0.000002	0.968513	1.028142
362	0.031419	0.000060	0.000001	0.000000	0.000000	0.000001	0.000000	0.000003	0.000001	0.968514	1.028142
363	0.031420	0.000060	0.000001	0.000000	0.000000	0.000001	0.000000	0.000002	0.000001	0.968515	1.028142
364	0.031420	0.000060	0.000001	0.000000	0.000001	0.000001	0.000000	0.000002	0.000001	0.968515	1.028142
365	0.031420	0.000060	0.000001	0.000000	0.000001	0.000001	0.000000	0.000002	0.000001	0.968516	1.028142
366	0.031420	0.000059	0.000001	0.000000	0.000001	0.000001	0.000000	0.000002	0.000001	0.968516	1.028142
367	0.031420	0.000059	0.000000	0.000000	0.000001	0.000001	0.000000	0.000002	0.000001	0.968516	1.028142
368	0.031420	0.000059	0.000000	0.000000	0.000000	0.000001	0.000000	0.000002	0.000001	0.968517	1.028142
369	0.031420	0.000059	0.000000	0.000000	0.000000	0.000001	0.000000	0.000001	0.000001	0.968517	1.028142
370	0.031420	0.000059	0.000000	0.000000	0.000000	0.000001	0.000000	0.000001	0.000001	0.968518	1.028142
371	0.031420	0.000059	0.000000	0.000000	0.000000	0.000000	0.000000	0.000001	0.000001	0.968518	1.028142
372	0.031420	0.000059	0.000000	0.000000	0.000000	0.000000	0.000000	0.000001	0.000001	0.968518	1.028142
373	0.031420	0.000059	0.000000	0.000000	0.000000	0.000000	0.000000	0.000001	0.000001	0.968518	1.028142
374	0.031420	0.000059	0.000001	0.000000	0.000000	0.000000	0.000000	0.000001	0.000001	0.968518	1.028143
375	0.031420	0.000059	0.000001	0.000000	0.000000	0.000000	0.000000	0.000001	0.000001	0.968519	1.028143
376	0.031420	0.000059	0.000000	0.000000	0.000000	0.000000	0.000000	0.000001	0.000001	0.968519	1.028143
377	0.031420	0.000059	0.000000	0.000000	0.000000	0.000000	0.000000	0.000001	0.000001	0.968519	1.028143
378	0.031420	0.000059	0.000000	0.000000	0.000000	0.000000	0.000000	0.000001	0.000000	0.968519	1.028143
379	0.031420	0.000059	0.000000	0.000000	0.000000	0.000000	0.000000	0.000001	0.000000	0.968519	1.028143
380	0.031420	0.000059	0.000000	0.000000	0.000000	0.000000	0.000000	0.000001	0.000000	0.968519	1.028143
381	0.031420	0.000059	0.000000	0.000000	0.000000	0.000000	0.000000	0.000001	0.000000	0.968519	1.028143
382	0.031420	0.000059	0.000000	0.000000	0.000000	0.000000	0.000000	0.000000	0.000000	0.968519	1.028143
383	0.031420	0.000059	0.000000	0.000000	0.000000	0.000000	0.000000	0.000000	0.000000	0.968519	1.028143
384	0.031420	0.000059	0.000000	0.000000	0.000000	0.000000	0.000000	0.000000	0.000000	0.968519	1.028143
385	0.031420	0.000059	0.000000	0.000000	0.000000	0.000000	0.000000	0.000000	0.000000	0.968519	1.028143
386	0.031420	0.000059	0.000000	0.000000	0.000000	0.000000	0.000000	0.000000	0.000000	0.968520	1.028143
387	0.031420	0.000059	0.000000	0.000000	0.000000	0.000000	0.000000	0.000000	0.000000	0.968520	1.028143
