days	S_Mean	E_Mean	IP_Mean	IA_Mean	TotalInfectious	H_Mean	ICU_Mean	Recovered_Mean	DeadCovid_Mean
0	0.000000	0.000000	0.000000	0.000000	0.000000	0.000000	0.000000	0.000000	0.000000
1	0.999996	0.000002	0.000002	0.000000	0.000000	0.000000	0.000000	0.000000	0.000000
2	0.999994	0.000003	0.000002	0.000000	0.000000	0.000000	0.000000	0.000000	0.000000
3	0.999992	0.000005	0.000002	0.000000	0.000000	0.000000	0.000000	0.000000	0.000000
4	0.999991	0.000006	0.000002	0.000000	0.000000	0.000000	0.000000	0.000000	0.000000
5	0.999989	0.000007	0.000002	0.000000	0.000000	0.000000	0.000000	0.000000	0.000000
6	0.999988	0.000008	0.000002	0.000000	0.000000	0.000000	0.000000	0.000001	0.000000
7	0.999986	0.000010	0.000002	0.000000	0.000001	0.000000	0.000000	0.000001	0.000000
8	0.999985	0.000010	0.000002	0.000000	0.000001	0.000000	0.000000	0.000001	0.000000
9	0.999983	0.000012	0.000002	0.000000	0.000001	0.000000	0.000000	0.000002	0.000000
10	0.999981	0.000013	0.000003	0.000000	0.000001	0.000000	0.000000	0.000002	0.000000
11	0.999979	0.000014	0.000003	0.000000	0.000001	0.000000	0.000000	0.000002	0.000000
12	0.999978	0.000015	0.000002	0.000000	0.000001	0.000001	0.000000	0.000003	0.000000
13	0.999976	0.000016	0.000003	0.000000	0.000001	0.000001	0.000000	0.000003	0.000000
14	0.999974	0.000017	0.000003	0.000000	0.000001	0.000001	0.000000	0.000004	0.000000
15	0.999972	0.000018	0.000003	0.000000	0.000001	0.000001	0.000000	0.000005	0.000000
16	0.999969	0.000020	0.000003	0.000001	0.000001	0.000001	0.000000	0.000006	0.000000
17	0.999967	0.000021	0.000003	0.000000	0.000001	0.000001	0.000000	0.000006	0.000000
18	0.999964	0.000022	0.000003	0.000001	0.000001	0.000001	0.000000	0.000007	0.000000
19	0.999961	0.000024	0.000003	0.000001	0.000002	0.000001	0.000000	0.000008	0.000000
20	0.999958	0.000025	0.000004	0.000001	0.000002	0.000001	0.000000	0.000009	0.000000
21	0.999955	0.000027	0.000004	0.000001	0.000002	0.000001	0.000000	0.000010	0.000000
22	0.999953	0.000028	0.000004	0.000001	0.000002	0.000001	0.000000	0.000011	0.000000
23	0.999950	0.000030	0.000004	0.000001	0.000002	0.000002	0.000000	0.000013	0.000000
24	0.999946	0.000031	0.000004	0.000001	0.000002	0.000002	0.000000	0.000014	0.000000
25	0.999943	0.000033	0.000004	0.000001	0.000002	0.000002	0.000000	0.000015	0.000000
26	0.999939	0.000035	0.000005	0.000001	0.000002	0.000002	0.000000	0.000017	0.000000
27	0.999935	0.000036	0.000005	0.000001	0.000002	0.000002	0.000000	0.000018	0.000000
28	0.999930	0.000038	0.000005	0.000001	0.000002	0.000002	0.000000	0.000020	0.000000
29	0.999926	0.000041	0.000006	0.000001	0.000002	0.000002	0.000000	0.000022	0.000000
30	0.999921	0.000043	0.000006	0.000001	0.000002	0.000002	0.000000	0.000024	0.000000
31	0.999915	0.000046	0.000006	0.000001	0.000003	0.000003	0.000000	0.000026	0.000000
32	0.999910	0.000048	0.000007	0.000001	0.000003	0.000003	0.000000	0.000028	0.000000
33	0.999904	0.000051	0.000007	0.000001	0.000003	0.000003	0.000000	0.000030	0.000000
34	0.999898	0.000054	0.000008	0.000001	0.000003	0.000003	0.000000	0.000033	0.000000
35	0.999891	0.000057	0.000008	0.000002	0.000003	0.000003	0.000000	0.000036	0.000000
36	0.999884	0.000060	0.000009	0.000002	0.000003	0.000003	0.000000	0.000038	0.000000
37	0.999876	0.000064	0.000009	0.000002	0.000003	0.000004	0.000000	0.000041	0.000000
38	0.999868	0.000068	0.000010	0.000002	0.000004	0.000004	0.000000	0.000044	0.000000
39	0.999860	0.000072	0.000010	0.000002	0.000004	0.000004	0.000000	0.000047	0.000000
40	0.999852	0.000076	0.000011	0.000002	0.000004	0.000004	0.000000	0.000051	0.000000
41	0.999843	0.000080	0.000012	0.000002	0.000005	0.000004	0.000000	0.000054	0.000000
42	0.999832	0.000085	0.000013	0.000002	0.000005	0.000005	0.000000	0.000058	0.000000
43	0.999821	0.000091	0.000013	0.000003	0.000005	0.000005	0.000000	0.000062	0.000000
44	0.999810	0.000097	0.000013	0.000003	0.000005	0.000005	0.000000	0.000066	0.000000
45	0.999799	0.000102	0.000014	0.000003	0.000006	0.000005	0.000000	0.000071	0.000000
46	0.999786	0.000109	0.000014	0.000003	0.000006	0.000006	0.000000	0.000076	0.000000
47	0.999773	0.000116	0.000016	0.000003	0.000006	0.000006	0.000000	0.000081	0.000000
48	0.999760	0.000121	0.000017	0.000004	0.000007	0.000006	0.000000	0.000085	0.000000
49	0.999745	0.000129	0.000017	0.000004	0.000007	0.000007	0.000000	0.000091	0.000000
50	0.999731	0.000135	0.000018	0.000004	0.000007	0.000007	0.000000	0.000097	0.000000
51	0.999715	0.000143	0.000019	0.000004	0.000008	0.000008	0.000000	0.000103	0.000000
52	0.999698	0.000151	0.000021	0.000004	0.000008	0.000008	0.000000	0.000109	0.000000
53	0.999680	0.000160	0.000022	0.000004	0.000009	0.000008	0.000000	0.000116	0.000000
54	0.999660	0.000170	0.000023	0.000005	0.000009	0.000009	0.000000	0.000124	0.000000
55	0.999640	0.000179	0.000025	0.000005	0.000010	0.000010	0.000000	0.000132	0.000000
56	0.999618	0.000190	0.000026	0.000005	0.000011	0.000010	0.000001	0.000140	0.000000
57	0.999596	0.000200	0.000027	0.000006	0.000011	0.000011	0.000000	0.000149	0.000000
58	0.999572	0.000211	0.000028	0.000006	0.000012	0.000011	0.000001	0.000158	0.000000
59	0.999546	0.000224	0.000030	0.000006	0.000013	0.000012	0.000001	0.000169	0.000000
60	0.999519	0.000237	0.000032	0.000006	0.000014	0.000012	0.000001	0.000179	0.000001
61	0.999492	0.000250	0.000034	0.000007	0.000015	0.000013	0.000001	0.000190	0.000001
62	0.999461	0.000265	0.000036	0.000007	0.000015	0.000014	0.000001	0.000201	0.000001
63	0.999431	0.000280	0.000037	0.000007	0.000016	0.000015	0.000001	0.000213	0.000001
64	0.999398	0.000294	0.000041	0.000008	0.000017	0.000016	0.000001	0.000226	0.000001
65	0.999362	0.000310	0.000044	0.000009	0.000018	0.000017	0.000001	0.000240	0.000001
66	0.999324	0.000328	0.000046	0.000009	0.000019	0.000018	0.000001	0.000254	0.000001
67	0.999285	0.000347	0.000049	0.000009	0.000020	0.000019	0.000001	0.000270	0.000001
68	0.999242	0.000367	0.000051	0.000010	0.000021	0.000021	0.000001	0.000286	0.000001
69	0.999198	0.000388	0.000055	0.000010	0.000022	0.000022	0.000001	0.000304	0.000001
70	0.999151	0.000411	0.000057	0.000011	0.000023	0.000023	0.000001	0.000322	0.000001
71	0.999101	0.000435	0.000061	0.000012	0.000024	0.000025	0.000001	0.000341	0.000001
72	0.999048	0.000461	0.000064	0.000013	0.000026	0.000026	0.000001	0.000361	0.000001
73	0.998990	0.000489	0.000068	0.000013	0.000028	0.000028	0.000001	0.000383	0.000001
74	0.998929	0.000518	0.000073	0.000014	0.000030	0.000029	0.000001	0.000406	0.000001
75	0.998866	0.000550	0.000076	0.000015	0.000031	0.000031	0.000001	0.000430	0.000001
76	0.998801	0.000581	0.000080	0.000016	0.000033	0.000032	0.000001	0.000456	0.000001
77	0.998731	0.000613	0.000085	0.000016	0.000035	0.000034	0.000001	0.000483	0.000001
78	0.998658	0.000648	0.000091	0.000017	0.000038	0.000036	0.000002	0.000511	0.000001
79	0.998583	0.000683	0.000095	0.000019	0.000039	0.000038	0.000002	0.000541	0.000002
80	0.998500	0.000723	0.000100	0.000019	0.000042	0.000041	0.000002	0.000574	0.000002
81	0.998413	0.000765	0.000105	0.000021	0.000044	0.000043	0.000002	0.000607	0.000002
82	0.998321	0.000809	0.000110	0.000022	0.000046	0.000046	0.000002	0.000643	0.000002
83	0.998225	0.000854	0.000118	0.000023	0.000049	0.000048	0.000002	0.000681	0.000002
84	0.998121	0.000902	0.000126	0.000026	0.000051	0.000051	0.000002	0.000720	0.000002
85	0.998010	0.000957	0.000131	0.000027	0.000055	0.000054	0.000002	0.000764	0.000002
86	0.997892	0.001014	0.000139	0.000028	0.000058	0.000057	0.000003	0.000810	0.000002
87	0.997770	0.001072	0.000148	0.000029	0.000062	0.000060	0.000003	0.000857	0.000002
88	0.997643	0.001131	0.000157	0.000032	0.000065	0.000063	0.000003	0.000906	0.000003
89	0.997508	0.001196	0.000164	0.000033	0.000069	0.000066	0.000003	0.000961	0.000003
90	0.997366	0.001264	0.000173	0.000034	0.000071	0.000070	0.000003	0.001018	0.000003
91	0.997214	0.001336	0.000183	0.000037	0.000076	0.000074	0.000003	0.001077	0.000003
92	0.997053	0.001414	0.000194	0.000038	0.000081	0.000078	0.000003	0.001139	0.000003
93	0.996885	0.001494	0.000203	0.000041	0.000087	0.000082	0.000004	0.001204	0.000003
94	0.996708	0.001577	0.000215	0.000043	0.000091	0.000087	0.000004	0.001275	0.000004
95	0.996521	0.001667	0.000227	0.000046	0.000096	0.000092	0.000004	0.001347	0.000004
96	0.996321	0.001762	0.000239	0.000049	0.000101	0.000097	0.000004	0.001425	0.000004
97	0.996111	0.001861	0.000255	0.000050	0.000107	0.000102	0.000005	0.001509	0.000004
98	0.995888	0.001966	0.000271	0.000054	0.000111	0.000108	0.000005	0.001596	0.000004
99	0.995654	0.002077	0.000285	0.000057	0.000120	0.000114	0.000005	0.001687	0.000005
100	0.995406	0.002196	0.000301	0.000060	0.000125	0.000122	0.000005	0.001785	0.000005
101	0.995144	0.002319	0.000320	0.000062	0.000132	0.000129	0.000006	0.001887	0.000005
102	0.994867	0.002449	0.000337	0.000069	0.000141	0.000137	0.000006	0.001995	0.000005
103	0.994571	0.002593	0.000355	0.000072	0.000148	0.000145	0.000006	0.002111	0.000006
104	0.994260	0.002738	0.000379	0.000075	0.000155	0.000153	0.000007	0.002233	0.000006
105	0.993931	0.002897	0.000398	0.000080	0.000164	0.000162	0.000007	0.002361	0.000007
106	0.993583	0.003061	0.000425	0.000083	0.000174	0.000171	0.000007	0.002496	0.000007
107	0.993221	0.003227	0.000451	0.000090	0.000185	0.000181	0.000008	0.002637	0.000007
108	0.992831	0.003414	0.000473	0.000095	0.000197	0.000192	0.000008	0.002791	0.000008
109	0.992421	0.003609	0.000500	0.000100	0.000207	0.000201	0.000009	0.002953	0.000008
110	0.991985	0.003819	0.000526	0.000105	0.000220	0.000213	0.000009	0.003122	0.000009
111	0.991534	0.004030	0.000556	0.000111	0.000231	0.000226	0.000009	0.003302	0.000009
112	0.991053	0.004258	0.000588	0.000116	0.000247	0.000238	0.000010	0.003491	0.000010
113	0.990540	0.004503	0.000617	0.000125	0.000261	0.000252	0.000011	0.003690	0.000010
114	0.990001	0.004758	0.000652	0.000131	0.000275	0.000268	0.000012	0.003903	0.000011
115	0.989431	0.005026	0.000690	0.000138	0.000293	0.000282	0.000013	0.004127	0.000011
116	0.988828	0.005312	0.000729	0.000150	0.000306	0.000297	0.000013	0.004365	0.000012
117	0.988196	0.005609	0.000772	0.000155	0.000323	0.000313	0.000014	0.004618	0.000013
118	0.987524	0.005930	0.000812	0.000165	0.000343	0.000331	0.000015	0.004881	0.000013
119	0.986821	0.006259	0.000861	0.000173	0.000360	0.000348	0.000016	0.005163	0.000014
120	0.986076	0.006610	0.000911	0.000182	0.000380	0.000367	0.000017	0.005458	0.000015
121	0.985288	0.006985	0.000958	0.000194	0.000403	0.000386	0.000018	0.005769	0.000016
122	0.984461	0.007373	0.001013	0.000204	0.000423	0.000407	0.000018	0.006100	0.000017
123	0.983588	0.007780	0.001072	0.000215	0.000448	0.000431	0.000019	0.006446	0.000018
124	0.982664	0.008211	0.001133	0.000229	0.000477	0.000454	0.000021	0.006812	0.000019
125	0.981690	0.008665	0.001196	0.000241	0.000505	0.000479	0.000022	0.007201	0.000022
126	0.980661	0.009152	0.001259	0.000254	0.000536	0.000505	0.000023	0.007612	0.000025
127	0.979578	0.009660	0.001330	0.000268	0.000564	0.000531	0.000024	0.008045	0.000030
128	0.978442	0.010188	0.001406	0.000283	0.000595	0.000558	0.000026	0.008502	0.000036
129	0.977244	0.010748	0.001480	0.000300	0.000631	0.000588	0.000027	0.008983	0.000042
130	0.975975	0.011350	0.001558	0.000318	0.000660	0.000616	0.000029	0.009494	0.000052
131	0.974646	0.011972	0.001646	0.000330	0.000699	0.000644	0.000030	0.010033	0.000064
132	0.973258	0.012619	0.001737	0.000353	0.000734	0.000671	0.000031	0.010597	0.000080
133	0.971797	0.013307	0.001833	0.000370	0.000775	0.000693	0.000033	0.011193	0.000105
134	0.970267	0.014027	0.001931	0.000391	0.000819	0.000713	0.000034	0.011818	0.000136
135	0.968681	0.014767	0.002038	0.000412	0.000861	0.000731	0.000035	0.012476	0.000177
136	0.967019	0.015535	0.002149	0.000435	0.000910	0.000747	0.000037	0.013168	0.000221
137	0.965274	0.016353	0.002252	0.000461	0.000963	0.000762	0.000038	0.013897	0.000271
138	0.963465	0.017185	0.002377	0.000481	0.001011	0.000774	0.000039	0.014669	0.000333
139	0.961568	0.018055	0.002502	0.000508	0.001066	0.000788	0.000041	0.015473	0.000397
140	0.959581	0.018970	0.002632	0.000536	0.001119	0.000799	0.000042	0.016322	0.000469
141	0.957520	0.019896	0.002775	0.000566	0.001177	0.000807	0.000043	0.017216	0.000551
142	0.955356	0.020880	0.002901	0.000598	0.001247	0.000818	0.000044	0.018157	0.000636
143	0.953101	0.021901	0.003040	0.000626	0.001313	0.000828	0.000045	0.019146	0.000731
144	0.950763	0.022941	0.003195	0.000655	0.001378	0.000836	0.000046	0.020185	0.000837
145	0.948317	0.024036	0.003347	0.000694	0.001444	0.000842	0.000048	0.021273	0.000953
146	0.945780	0.025155	0.003512	0.000724	0.001517	0.000845	0.000049	0.022417	0.001078
147	0.943132	0.026331	0.003675	0.000760	0.001595	0.000846	0.000050	0.023611	0.001215
148	0.940374	0.027542	0.003851	0.000794	0.001677	0.000848	0.000051	0.024863	0.001360
149	0.937517	0.028777	0.004033	0.000837	0.001763	0.000851	0.000052	0.026171	0.001515
150	0.934539	0.030058	0.004221	0.000878	0.001854	0.000851	0.000052	0.027547	0.001685
151	0.931453	0.031386	0.004402	0.000923	0.001940	0.000855	0.000053	0.028987	0.001867
152	0.928247	0.032761	0.004591	0.000967	0.002027	0.000856	0.000054	0.030497	0.002062
153	0.924918	0.034169	0.004796	0.001008	0.002119	0.000856	0.000055	0.032079	0.002266
154	0.921445	0.035643	0.004995	0.001057	0.002221	0.000859	0.000055	0.033725	0.002477
155	0.917876	0.037118	0.005220	0.001103	0.002316	0.000860	0.000057	0.035451	0.002707
156	0.914167	0.038649	0.005433	0.001156	0.002428	0.000863	0.000057	0.037246	0.002944
157	0.910334	0.040215	0.005660	0.001202	0.002534	0.000862	0.000058	0.039136	0.003198
158	0.906373	0.041825	0.005885	0.001259	0.002643	0.000864	0.000058	0.041094	0.003467
159	0.902269	0.043478	0.006132	0.001315	0.002746	0.000865	0.000058	0.043138	0.003755
160	0.898015	0.045187	0.006367	0.001364	0.002879	0.000867	0.000059	0.045261	0.004054
161	0.893631	0.046923	0.006624	0.001418	0.002998	0.000866	0.000060	0.047480	0.004375
162	0.889095	0.048719	0.006880	0.001478	0.003113	0.000866	0.000059	0.049788	0.004713
163	0.884410	0.050556	0.007142	0.001535	0.003247	0.000866	0.000059	0.052184	0.005063
164	0.879588	0.052414	0.007422	0.001600	0.003369	0.000864	0.000060	0.054684	0.005428
165	0.874609	0.054312	0.007708	0.001668	0.003503	0.000865	0.000060	0.057275	0.005810
166	0.869480	0.056243	0.007992	0.001734	0.003648	0.000864	0.000060	0.059980	0.006213
167	0.864196	0.058224	0.008266	0.001803	0.003795	0.000864	0.000060	0.062793	0.006637
168	0.858774	0.060222	0.008554	0.001872	0.003938	0.000865	0.000060	0.065716	0.007075
169	0.853194	0.062265	0.008861	0.001933	0.004076	0.000863	0.000061	0.068747	0.007539
170	0.847468	0.064338	0.009150	0.002013	0.004230	0.000863	0.000061	0.071878	0.008021
171	0.841595	0.066425	0.009466	0.002077	0.004383	0.000863	0.000061	0.075129	0.008523
172	0.835564	0.068530	0.009796	0.002157	0.004537	0.000864	0.000061	0.078490	0.009050
173	0.829388	0.070664	0.010108	0.002229	0.004712	0.000864	0.000061	0.081975	0.009596
174	0.823054	0.072829	0.010422	0.002306	0.004874	0.000864	0.000061	0.085589	0.010167
175	0.816594	0.075000	0.010758	0.002378	0.005032	0.000863	0.000061	0.089316	0.010768
176	0.809979	0.077198	0.011062	0.002467	0.005203	0.000863	0.000061	0.093166	0.011381
177	0.803228	0.079383	0.011407	0.002537	0.005366	0.000863	0.000062	0.097155	0.012020
178	0.796315	0.081590	0.011734	0.002626	0.005553	0.000863	0.000062	0.101258	0.012678
179	0.789277	0.083785	0.012077	0.002708	0.005722	0.000862	0.000062	0.105506	0.013366
180	0.782104	0.085978	0.012408	0.002784	0.005919	0.000862	0.000062	0.109882	0.014077
181	0.774806	0.088180	0.012726	0.002877	0.006088	0.000862	0.000062	0.114400	0.014818
182	0.767387	0.090362	0.013055	0.002956	0.006254	0.000863	0.000062	0.119061	0.015582
183	0.759867	0.092499	0.013387	0.003045	0.006429	0.000860	0.000062	0.123851	0.016368
184	0.752203	0.094655	0.013681	0.003128	0.006631	0.000862	0.000063	0.128778	0.017172
185	0.744426	0.096784	0.013994	0.003218	0.006800	0.000862	0.000062	0.133853	0.018007
186	0.736572	0.098860	0.014303	0.003294	0.006983	0.000862	0.000062	0.139064	0.018868
187	0.728622	0.100902	0.014617	0.003370	0.007166	0.000861	0.000063	0.144400	0.019758
188	0.720582	0.102900	0.014929	0.003458	0.007338	0.000862	0.000063	0.149868	0.020675
189	0.712465	0.104830	0.015248	0.003535	0.007522	0.000862	0.000062	0.155475	0.021614
190	0.704264	0.106733	0.015534	0.003636	0.007697	0.000861	0.000063	0.161214	0.022585
191	0.695979	0.108595	0.015826	0.003709	0.007857	0.000861	0.000063	0.167110	0.023586
192	0.687632	0.110362	0.016130	0.003788	0.008031	0.000861	0.000063	0.173134	0.024599
193	0.679238	0.112085	0.016390	0.003873	0.008213	0.000860	0.000062	0.179279	0.025646
194	0.670807	0.113735	0.016637	0.003945	0.008380	0.000861	0.000062	0.185572	0.026717
195	0.662331	0.115299	0.016906	0.004015	0.008534	0.000861	0.000062	0.191991	0.027807
196	0.653840	0.116770	0.017154	0.004091	0.008707	0.000860	0.000062	0.198516	0.028927
197	0.645324	0.118138	0.017399	0.004168	0.008864	0.000860	0.000062	0.205185	0.030065
198	0.636780	0.119446	0.017615	0.004252	0.009007	0.000857	0.000062	0.211981	0.031229
199	0.628238	0.120661	0.017802	0.004300	0.009168	0.000859	0.000062	0.218909	0.032407
200	0.619706	0.121779	0.017991	0.004365	0.009303	0.000859	0.000063	0.225935	0.033614
201	0.611193	0.122778	0.018180	0.004432	0.009434	0.000859	0.000062	0.233063	0.034844
202	0.602697	0.123700	0.018334	0.004487	0.009553	0.000859	0.000063	0.240306	0.036093
203	0.594268	0.124481	0.018484	0.004548	0.009662	0.000858	0.000063	0.247636	0.037369
204	0.585844	0.125181	0.018615	0.004596	0.009778	0.000858	0.000063	0.255064	0.038656
205	0.577480	0.125753	0.018733	0.004648	0.009881	0.000860	0.000064	0.262582	0.039960
206	0.569148	0.126240	0.018826	0.004697	0.009979	0.000857	0.000064	0.270190	0.041283
207	0.560897	0.126622	0.018866	0.004740	0.010069	0.000858	0.000064	0.277884	0.042617
208	0.552742	0.126860	0.018936	0.004759	0.010140	0.000858	0.000064	0.285641	0.043976
209	0.544665	0.126972	0.018990	0.004798	0.010205	0.000857	0.000064	0.293449	0.045342
210	0.536680	0.126955	0.019020	0.004830	0.010279	0.000858	0.000063	0.301315	0.046719
211	0.528799	0.126819	0.019028	0.004858	0.010333	0.000858	0.000064	0.309242	0.048115
212	0.520972	0.126614	0.019032	0.004871	0.010362	0.000856	0.000064	0.317229	0.049511
213	0.513266	0.126282	0.019001	0.004897	0.010401	0.000856	0.000064	0.325233	0.050917
214	0.505676	0.125828	0.018969	0.004891	0.010437	0.000856	0.000065	0.333279	0.052333
215	0.498203	0.125261	0.018917	0.004910	0.010445	0.000859	0.000064	0.341341	0.053758
216	0.490859	0.124583	0.018847	0.004919	0.010450	0.000855	0.000065	0.349424	0.055193
217	0.483633	0.123804	0.018746	0.004916	0.010457	0.000856	0.000065	0.357523	0.056621
218	0.476523	0.122947	0.018629	0.004893	0.010454	0.000854	0.000065	0.365635	0.058045
219	0.469585	0.121958	0.018502	0.004886	0.010421	0.000855	0.000065	0.373727	0.059482
220	0.462763	0.120893	0.018364	0.004862	0.010397	0.000854	0.000065	0.381803	0.060915
221	0.456081	0.119722	0.018217	0.004851	0.010350	0.000854	0.000066	0.389859	0.062350
222	0.449536	0.118468	0.018054	0.004832	0.010293	0.000854	0.000066	0.397897	0.063781
223	0.443129	0.117130	0.017882	0.004801	0.010233	0.000854	0.000066	0.405905	0.065206
224	0.436875	0.115697	0.017689	0.004772	0.010182	0.000852	0.000066	0.413867	0.066618
225	0.430764	0.114213	0.017469	0.004745	0.010094	0.000853	0.000067	0.421795	0.068031
226	0.424816	0.112640	0.017259	0.004707	0.009999	0.000853	0.000067	0.429659	0.069438
227	0.419004	0.111030	0.017007	0.004659	0.009916	0.000854	0.000067	0.437462	0.070830
228	0.413337	0.109347	0.016792	0.004597	0.009806	0.000853	0.000067	0.445200	0.072216
229	0.407820	0.107593	0.016548	0.004553	0.009708	0.000855	0.000067	0.452856	0.073584
230	0.402446	0.105807	0.016288	0.004502	0.009593	0.000852	0.000067	0.460444	0.074941
231	0.397227	0.103990	0.015994	0.004446	0.009479	0.000853	0.000067	0.467943	0.076288
232	0.392150	0.102100	0.015751	0.004378	0.009343	0.000852	0.000067	0.475359	0.077614
233	0.387229	0.100174	0.015474	0.004332	0.009207	0.000852	0.000068	0.482664	0.078928
234	0.382430	0.098231	0.015193	0.004269	0.009074	0.000852	0.000068	0.489883	0.080221
235	0.377781	0.096222	0.014920	0.004207	0.008939	0.000852	0.000068	0.497011	0.081489
236	0.373265	0.094244	0.014601	0.004148	0.008791	0.000852	0.000069	0.504031	0.082749
237	0.368882	0.092235	0.014317	0.004055	0.008636	0.000852	0.000069	0.510954	0.083986
238	0.364639	0.090211	0.014009	0.004010	0.008473	0.000850	0.000069	0.517740	0.085204
239	0.360536	0.088147	0.013720	0.003928	0.008321	0.000849	0.000069	0.524430	0.086397
240	0.356562	0.086082	0.013412	0.003852	0.008176	0.000849	0.000069	0.530997	0.087570
241	0.352709	0.084031	0.013107	0.003769	0.008014	0.000849	0.000070	0.537452	0.088725
242	0.348977	0.081969	0.012822	0.003688	0.007846	0.000849	0.000070	0.543780	0.089854
243	0.345358	0.079955	0.012477	0.003624	0.007695	0.000851	0.000070	0.549970	0.090960
244	0.341901	0.077916	0.012165	0.003531	0.007508	0.000848	0.000071	0.556061	0.092048
245	0.338527	0.075880	0.011889	0.003453	0.007330	0.000850	0.000071	0.561999	0.093102
246	0.335280	0.073850	0.011577	0.003387	0.007184	0.000850	0.000071	0.567801	0.094135
247	0.332124	0.071874	0.011262	0.003310	0.007006	0.000851	0.000072	0.573502	0.095143
248	0.329102	0.069877	0.010980	0.003212	0.006839	0.000848	0.000072	0.579070	0.096132
249	0.326178	0.067922	0.010675	0.003143	0.006679	0.000850	0.000073	0.584482	0.097097
250	0.323351	0.065994	0.010376	0.003067	0.006508	0.000846	0.000074	0.589784	0.098041
251	0.320627	0.064088	0.010076	0.002992	0.006332	0.000848	0.000073	0.594963	0.098952
252	0.317984	0.062218	0.009798	0.002903	0.006162	0.000849	0.000073	0.600012	0.099835
253	0.315447	0.060371	0.009510	0.002827	0.006009	0.000850	0.000073	0.604914	0.100701
254	0.313002	0.058556	0.009228	0.002757	0.005842	0.000849	0.000073	0.609694	0.101549
255	0.310633	0.056768	0.008972	0.002678	0.005669	0.000850	0.000073	0.614357	0.102365
256	0.308348	0.055018	0.008707	0.002604	0.005511	0.000849	0.000073	0.618890	0.103157
257	0.306157	0.053290	0.008442	0.002532	0.005362	0.000849	0.000073	0.623295	0.103927
258	0.304044	0.051616	0.008167	0.002457	0.005213	0.000847	0.000074	0.627583	0.104673
259	0.302003	0.049980	0.007921	0.002376	0.005041	0.000849	0.000074	0.631756	0.105398
260	0.300025	0.048392	0.007660	0.002312	0.004895	0.000845	0.000075	0.635796	0.106095
261	0.298117	0.046810	0.007442	0.002238	0.004743	0.000847	0.000075	0.639727	0.106765
262	0.296291	0.045276	0.007194	0.002177	0.004607	0.000846	0.000076	0.643531	0.107419
263	0.294531	0.043775	0.006965	0.002105	0.004467	0.000847	0.000076	0.647234	0.108055
264	0.292829	0.042318	0.006736	0.002043	0.004323	0.000847	0.000076	0.650829	0.108664
265	0.291183	0.040900	0.006517	0.001979	0.004186	0.000846	0.000076	0.654314	0.109251
266	0.289602	0.039524	0.006291	0.001920	0.004048	0.000846	0.000077	0.657692	0.109819
267	0.288080	0.038177	0.006086	0.001850	0.003917	0.000846	0.000078	0.660967	0.110364
268	0.286604	0.036874	0.005885	0.001791	0.003794	0.000846	0.000078	0.664127	0.110893
269	0.285190	0.035600	0.005679	0.001737	0.003678	0.000847	0.000079	0.667190	0.111403
270	0.283830	0.034357	0.005484	0.001680	0.003557	0.000846	0.000079	0.670167	0.111893
271	0.282506	0.033166	0.005298	0.001622	0.003437	0.000846	0.000079	0.673046	0.112364
272	0.281233	0.032018	0.005104	0.001565	0.003323	0.000846	0.000080	0.675831	0.112818
273	0.280005	0.030894	0.004937	0.001501	0.003212	0.000846	0.000081	0.678524	0.113253
274	0.278824	0.029807	0.004758	0.001459	0.003104	0.000846	0.000082	0.681120	0.113667
275	0.277686	0.028748	0.004597	0.001412	0.002988	0.000846	0.000081	0.683641	0.114073
276	0.276585	0.027729	0.004426	0.001365	0.002887	0.000845	0.000082	0.686082	0.114460
277	0.275523	0.026748	0.004260	0.001316	0.002783	0.000846	0.000081	0.688443	0.114827
278	0.274493	0.025788	0.004123	0.001263	0.002687	0.000846	0.000082	0.690718	0.115175
279	0.273502	0.024860	0.003976	0.001230	0.002597	0.000846	0.000083	0.692906	0.115514
280	0.272541	0.023964	0.003838	0.001188	0.002501	0.000846	0.000083	0.695038	0.115839
281	0.271613	0.023103	0.003702	0.001139	0.002418	0.000846	0.000083	0.697096	0.116148
282	0.270716	0.022275	0.003572	0.001099	0.002327	0.000847	0.000084	0.699080	0.116444
283	0.269858	0.021467	0.003448	0.001062	0.002242	0.000847	0.000084	0.700992	0.116731
284	0.269023	0.020691	0.003327	0.001024	0.002163	0.000846	0.000084	0.702843	0.117002
285	0.268213	0.019948	0.003198	0.000989	0.002090	0.000848	0.000085	0.704631	0.117259
286	0.267433	0.019228	0.003083	0.000950	0.002014	0.000845	0.000085	0.706363	0.117506
287	0.266672	0.018532	0.002975	0.000914	0.001947	0.000847	0.000085	0.708028	0.117737
288	0.265938	0.017859	0.002873	0.000885	0.001876	0.000845	0.000085	0.709639	0.117961
289	0.265224	0.017209	0.002770	0.000857	0.001806	0.000845	0.000085	0.711203	0.118170
290	0.264544	0.016583	0.002664	0.000825	0.001742	0.000845	0.000086	0.712712	0.118372
291	0.263877	0.015981	0.002575	0.000791	0.001677	0.000847	0.000086	0.714166	0.118564
292	0.263235	0.015403	0.002481	0.000767	0.001616	0.000845	0.000086	0.715569	0.118749
293	0.262614	0.014858	0.002370	0.000735	0.001564	0.000847	0.000086	0.716926	0.118922
294	0.262010	0.014322	0.002300	0.000701	0.001497	0.000844	0.000086	0.718241	0.119088
295	0.261423	0.013804	0.002213	0.000683	0.001450	0.000846	0.000087	0.719494	0.119240
296	0.260854	0.013313	0.002131	0.000662	0.001391	0.000845	0.000087	0.720716	0.119388
297	0.260298	0.012834	0.002059	0.000635	0.001341	0.000845	0.000087	0.721901	0.119525
298	0.259758	0.012381	0.001975	0.000619	0.001290	0.000846	0.000088	0.723043	0.119653
299	0.259235	0.011934	0.001913	0.000585	0.001245	0.000846	0.000088	0.724153	0.119774
300	0.258724	0.011516	0.001838	0.000570	0.001203	0.000847	0.000088	0.725213	0.119888
301	0.258234	0.011104	0.001780	0.000545	0.001157	0.000845	0.000089	0.726247	0.119998
302	0.257755	0.010712	0.001712	0.000531	0.001117	0.000847	0.000089	0.727238	0.120097
303	0.257284	0.010341	0.001654	0.000506	0.001079	0.000846	0.000089	0.728202	0.120191
304	0.256829	0.009984	0.001594	0.000487	0.001040	0.000845	0.000089	0.729132	0.120279
305	0.256383	0.009636	0.001543	0.000473	0.000998	0.000846	0.000090	0.730031	0.120358
306	0.255950	0.009302	0.001489	0.000456	0.000966	0.000845	0.000090	0.730903	0.120431
307	0.255528	0.008979	0.001438	0.000442	0.000932	0.000845	0.000090	0.731746	0.120499
308	0.255120	0.008662	0.001390	0.000426	0.000904	0.000846	0.000090	0.732560	0.120564
309	0.254717	0.008374	0.001333	0.000416	0.000870	0.000846	0.000090	0.733354	0.120625
310	0.254322	0.008089	0.001295	0.000393	0.000838	0.000845	0.000091	0.734127	0.120679
311	0.253932	0.007823	0.001247	0.000382	0.000814	0.000843	0.000091	0.734869	0.120727
312	0.253557	0.007560	0.001209	0.000371	0.000782	0.000842	0.000092	0.735589	0.120772
313	0.253191	0.007306	0.001166	0.000359	0.000756	0.000845	0.000092	0.736284	0.120812
314	0.252833	0.007066	0.001128	0.000343	0.000730	0.000843	0.000092	0.736965	0.120849
315	0.252479	0.006837	0.001091	0.000333	0.000706	0.000841	0.000092	0.737620	0.120881
316	0.252136	0.006615	0.001060	0.000319	0.000683	0.000841	0.000092	0.738255	0.120911
317	0.251801	0.006404	0.001020	0.000311	0.000663	0.000838	0.000093	0.738870	0.120938
318	0.251475	0.006204	0.000985	0.000301	0.000636	0.000836	0.000093	0.739470	0.120964
319	0.251158	0.006011	0.000954	0.000288	0.000614	0.000830	0.000094	0.740050	0.120986
320	0.250847	0.005823	0.000929	0.000280	0.000594	0.000826	0.000094	0.740608	0.121008
321	0.250543	0.005643	0.000897	0.000274	0.000575	0.000821	0.000094	0.741152	0.121026
322	0.250246	0.005473	0.000869	0.000261	0.000556	0.000814	0.000094	0.741686	0.121044
323	0.249957	0.005306	0.000844	0.000256	0.000536	0.000807	0.000094	0.742201	0.121059
324	0.249679	0.005143	0.000813	0.000246	0.000522	0.000799	0.000093	0.742704	0.121072
325	0.249404	0.004989	0.000792	0.000239	0.000501	0.000792	0.000092	0.743191	0.121085
326	0.249136	0.004838	0.000771	0.000232	0.000486	0.000784	0.000092	0.743661	0.121095
327	0.248876	0.004696	0.000744	0.000227	0.000470	0.000776	0.000092	0.744119	0.121106
328	0.248620	0.004562	0.000724	0.000214	0.000457	0.000767	0.000091	0.744566	0.121116
329	0.248377	0.004431	0.000698	0.000210	0.000443	0.000757	0.000090	0.744995	0.121126
330	0.248139	0.004305	0.000678	0.000200	0.000427	0.000746	0.000090	0.745415	0.121135
331	0.247909	0.004176	0.000660	0.000197	0.000413	0.000735	0.000090	0.745819	0.121144
332	0.247684	0.004057	0.000639	0.000189	0.000405	0.000723	0.000089	0.746214	0.121152
333	0.247466	0.003939	0.000620	0.000184	0.000392	0.000712	0.000087	0.746600	0.121160
334	0.247255	0.003822	0.000604	0.000180	0.000380	0.000698	0.000086	0.746975	0.121168
335	0.247049	0.003711	0.000586	0.000175	0.000370	0.000686	0.000085	0.747339	0.121176
336	0.246846	0.003607	0.000567	0.000169	0.000360	0.000670	0.000084	0.747697	0.121183
337	0.246648	0.003503	0.000555	0.000165	0.000349	0.000656	0.000083	0.748043	0.121189
338	0.246456	0.003405	0.000535	0.000163	0.000339	0.000644	0.000081	0.748378	0.121196
339	0.246271	0.003305	0.000523	0.000155	0.000327	0.000629	0.000080	0.748710	0.121203
340	0.246090	0.003212	0.000505	0.000153	0.000318	0.000615	0.000078	0.749029	0.121208
341	0.245913	0.003124	0.000487	0.000147	0.000308	0.000602	0.000078	0.749340	0.121214
342	0.245740	0.003037	0.000477	0.000140	0.000301	0.000589	0.000076	0.749639	0.121220
343	0.245572	0.002952	0.000465	0.000140	0.000291	0.000575	0.000075	0.749930	0.121225
344	0.245410	0.002870	0.000451	0.000136	0.000284	0.000563	0.000073	0.750213	0.121231
345	0.245254	0.002790	0.000437	0.000130	0.000277	0.000549	0.000072	0.750491	0.121236
346	0.245101	0.002711	0.000428	0.000127	0.000267	0.000536	0.000072	0.750759	0.121242
347	0.244953	0.002637	0.000413	0.000125	0.000261	0.000523	0.000070	0.751018	0.121247
348	0.244809	0.002560	0.000406	0.000119	0.000253	0.000509	0.000069	0.751274	0.121252
349	0.244668	0.002490	0.000392	0.000117	0.000247	0.000498	0.000068	0.751520	0.121257
350	0.244529	0.002422	0.000384	0.000113	0.000237	0.000485	0.000067	0.751763	0.121262
351	0.244394	0.002360	0.000371	0.000109	0.000234	0.000471	0.000066	0.751996	0.121267
352	0.244265	0.002295	0.000361	0.000106	0.000227	0.000459	0.000063	0.752224	0.121272
353	0.244140	0.002233	0.000351	0.000102	0.000219	0.000447	0.000063	0.752445	0.121276
354	0.244018	0.002172	0.000343	0.000100	0.000213	0.000435	0.000060	0.752659	0.121281
355	0.243899	0.002109	0.000337	0.000098	0.000208	0.000422	0.000059	0.752866	0.121285
356	0.243783	0.002053	0.000324	0.000099	0.000203	0.000410	0.000058	0.753070	0.121290
357	0.243671	0.001996	0.000316	0.000093	0.000198	0.000399	0.000056	0.753271	0.121294
358	0.243561	0.001940	0.000309	0.000090	0.000193	0.000388	0.000055	0.753464	0.121298
359	0.243453	0.001887	0.000299	0.000089	0.000188	0.000378	0.000054	0.753651	0.121303
360	0.243350	0.001836	0.000287	0.000086	0.000184	0.000367	0.000052	0.753837	0.121307
361	0.243249	0.001785	0.000281	0.000083	0.000178	0.000357	0.000050	0.754017	0.121310
362	0.243152	0.001736	0.000273	0.000080	0.000172	0.000348	0.000050	0.754189	0.121314
363	0.243057	0.001688	0.000266	0.000078	0.000168	0.000339	0.000048	0.754356	0.121317
364	0.242964	0.001642	0.000261	0.000076	0.000163	0.000329	0.000047	0.754519	0.121321
365	0.242872	0.001599	0.000253	0.000075	0.000159	0.000320	0.000046	0.754678	0.121324
366	0.242783	0.001557	0.000245	0.000073	0.000154	0.000311	0.000045	0.754832	0.121328
367	0.242698	0.001515	0.000238	0.000071	0.000149	0.000303	0.000043	0.754983	0.121331
368	0.242616	0.001473	0.000234	0.000067	0.000145	0.000293	0.000042	0.755130	0.121335
369	0.242536	0.001433	0.000226	0.000067	0.000141	0.000285	0.000041	0.755270	0.121338
370	0.242458	0.001393	0.000222	0.000064	0.000138	0.000278	0.000039	0.755408	0.121341
371	0.242380	0.001356	0.000215	0.000063	0.000135	0.000270	0.000038	0.755543	0.121344
372	0.242306	0.001320	0.000206	0.000061	0.000132	0.000262	0.000037	0.755675	0.121347
373	0.242235	0.001284	0.000200	0.000059	0.000129	0.000255	0.000036	0.755803	0.121350
374	0.242164	0.001250	0.000195	0.000058	0.000124	0.000248	0.000035	0.755925	0.121352
375	0.242096	0.001215	0.000190	0.000057	0.000120	0.000241	0.000034	0.756046	0.121355
376	0.242031	0.001182	0.000184	0.000054	0.000118	0.000234	0.000034	0.756164	0.121357
377	0.241969	0.001148	0.000178	0.000054	0.000113	0.000228	0.000033	0.756277	0.121360
378	0.241905	0.001118	0.000174	0.000051	0.000110	0.000222	0.000033	0.756387	0.121362
379	0.241846	0.001085	0.000171	0.000050	0.000106	0.000215	0.000032	0.756494	0.121365
380	0.241788	0.001054	0.000165	0.000050	0.000105	0.000210	0.000031	0.756598	0.121367
381	0.241730	0.001025	0.000161	0.000047	0.000101	0.000205	0.000030	0.756700	0.121369
382	0.241675	0.000996	0.000156	0.000047	0.000098	0.000200	0.000029	0.756798	0.121372
383	0.241620	0.000969	0.000153	0.000044	0.000097	0.000194	0.000028	0.756895	0.121374
384	0.241569	0.000939	0.000149	0.000044	0.000094	0.000189	0.000027	0.756988	0.121376
385	0.241517	0.000912	0.000144	0.000044	0.000091	0.000184	0.000027	0.757080	0.121378
386	0.241468	0.000886	0.000141	0.000043	0.000088	0.000179	0.000026	0.757170	0.121380
387	0.241419	0.000861	0.000136	0.000041	0.000087	0.000174	0.000025	0.757257	0.121382
388	0.241373	0.000837	0.000131	0.000039	0.000084	0.000170	0.000025	0.757341	0.121384
389	0.241326	0.000814	0.000128	0.000039	0.000081	0.000166	0.000024	0.757422	0.121386
390	0.241283	0.000790	0.000125	0.000037	0.000080	0.000161	0.000024	0.757501	0.121387
391	0.241238	0.000769	0.000122	0.000037	0.000078	0.000156	0.000023	0.757578	0.121389
392	0.241195	0.000748	0.000119	0.000034	0.000076	0.000152	0.000022	0.757653	0.121391
393	0.241155	0.000727	0.000115	0.000034	0.000074	0.000147	0.000022	0.757726	0.121393
394	0.241117	0.000706	0.000111	0.000033	0.000071	0.000143	0.000021	0.757798	0.121395
395	0.241077	0.000688	0.000108	0.000032	0.000069	0.000138	0.000020	0.757867	0.121396
396	0.241040	0.000669	0.000107	0.000030	0.000067	0.000135	0.000020	0.757933	0.121398
397	0.241004	0.000650	0.000104	0.000031	0.000065	0.000131	0.000019	0.757996	0.121399
398	0.240969	0.000632	0.000100	0.000030	0.000063	0.000128	0.000018	0.758059	0.121401
399	0.240934	0.000613	0.000099	0.000028	0.000062	0.000125	0.000018	0.758122	0.121402
400	0.240901	0.000597	0.000094	0.000028	0.000061	0.000121	0.000018	0.758181	0.121403
