days	S_Mean	E_Mean	IP_Mean	IA_Mean	TotalInfectious	H_Mean	ICU_Mean	Recovered_Mean	DeadCovid_Mean[t]
0	0.999998	0.000000	0.000002	0.000000	0.000000	0.000000	0.000000	0.000000	0.000000
1	0.999996	0.000002	0.000002	0.000000	0.000000	0.000000	0.000000	0.000000	0.000000
2	0.999995	0.000003	0.000002	0.000000	0.000000	0.000000	0.000000	0.000000	0.000000
3	0.999994	0.000004	0.000002	0.000000	0.000000	0.000000	0.000000	0.000000	0.000000
4	0.999992	0.000005	0.000002	0.000000	0.000000	0.000000	0.000000	0.000000	0.000000
5	0.999991	0.000006	0.000002	0.000000	0.000000	0.000000	0.000000	0.000000	0.000000
6	0.999990	0.000008	0.000002	0.000000	0.000000	0.000000	0.000000	0.000001	0.000000
7	0.999988	0.000009	0.000002	0.000000	0.000000	0.000000	0.000000	0.000001	0.000000
8	0.999987	0.000010	0.000002	0.000000	0.000000	0.000000	0.000000	0.000001	0.000000
9	0.999985	0.000011	0.000002	0.000000	0.000001	0.000000	0.000000	0.000001	0.000000
10	0.999984	0.000012	0.000002	0.000000	0.000001	0.000000	0.000000	0.000002	0.000000
11	0.999982	0.000013	0.000002	0.000000	0.000001	0.000000	0.000000	0.000002	0.000000
12	0.999980	0.000014	0.000002	0.000000	0.000001	0.000000	0.000000	0.000002	0.000000
13	0.999978	0.000015	0.000002	0.000000	0.000001	0.000000	0.000000	0.000003	0.000000
14	0.999976	0.000017	0.000002	0.000000	0.000001	0.000001	0.000000	0.000003	0.000000
15	0.999974	0.000018	0.000002	0.000000	0.000001	0.000001	0.000000	0.000004	0.000000
16	0.999972	0.000019	0.000002	0.000001	0.000001	0.000001	0.000000	0.000005	0.000000
17	0.999970	0.000020	0.000003	0.000001	0.000001	0.000001	0.000000	0.000005	0.000000
18	0.999967	0.000021	0.000003	0.000000	0.000001	0.000001	0.000000	0.000006	0.000000
19	0.999965	0.000022	0.000003	0.000000	0.000001	0.000001	0.000000	0.000007	0.000000
20	0.999963	0.000023	0.000003	0.000001	0.000001	0.000001	0.000000	0.000008	0.000000
21	0.999960	0.000025	0.000003	0.000001	0.000001	0.000001	0.000000	0.000009	0.000000
22	0.999958	0.000026	0.000003	0.000001	0.000001	0.000001	0.000000	0.000010	0.000000
23	0.999955	0.000027	0.000004	0.000001	0.000002	0.000001	0.000000	0.000011	0.000000
24	0.999952	0.000029	0.000004	0.000001	0.000002	0.000001	0.000000	0.000012	0.000000
25	0.999948	0.000030	0.000004	0.000001	0.000002	0.000002	0.000000	0.000013	0.000000
26	0.999945	0.000031	0.000004	0.000001	0.000002	0.000002	0.000000	0.000015	0.000000
27	0.999942	0.000033	0.000004	0.000001	0.000002	0.000002	0.000000	0.000016	0.000000
28	0.999938	0.000034	0.000005	0.000001	0.000002	0.000002	0.000000	0.000018	0.000000
29	0.999934	0.000036	0.000005	0.000001	0.000002	0.000002	0.000000	0.000019	0.000000
30	0.999930	0.000038	0.000005	0.000001	0.000003	0.000002	0.000000	0.000021	0.000000
31	0.999925	0.000040	0.000005	0.000001	0.000002	0.000003	0.000000	0.000023	0.000000
32	0.999921	0.000042	0.000006	0.000001	0.000003	0.000003	0.000000	0.000025	0.000000
33	0.999916	0.000044	0.000006	0.000001	0.000003	0.000003	0.000000	0.000027	0.000000
34	0.999911	0.000046	0.000006	0.000001	0.000003	0.000003	0.000000	0.000029	0.000000
35	0.999905	0.000048	0.000007	0.000001	0.000003	0.000003	0.000000	0.000032	0.000000
36	0.999899	0.000051	0.000007	0.000002	0.000003	0.000003	0.000000	0.000034	0.000000
37	0.999893	0.000054	0.000008	0.000001	0.000003	0.000004	0.000000	0.000037	0.000000
38	0.999887	0.000057	0.000008	0.000002	0.000003	0.000004	0.000000	0.000039	0.000000
39	0.999879	0.000061	0.000008	0.000002	0.000004	0.000004	0.000000	0.000042	0.000000
40	0.999873	0.000064	0.000009	0.000002	0.000004	0.000004	0.000000	0.000045	0.000000
41	0.999865	0.000067	0.000010	0.000002	0.000004	0.000004	0.000000	0.000048	0.000000
42	0.999858	0.000070	0.000010	0.000002	0.000004	0.000004	0.000000	0.000051	0.000000
43	0.999849	0.000074	0.000011	0.000002	0.000004	0.000004	0.000000	0.000055	0.000000
44	0.999840	0.000078	0.000011	0.000002	0.000005	0.000005	0.000000	0.000059	0.000000
45	0.999832	0.000082	0.000012	0.000002	0.000005	0.000005	0.000000	0.000062	0.000000
46	0.999822	0.000086	0.000012	0.000003	0.000005	0.000005	0.000000	0.000066	0.000000
47	0.999813	0.000091	0.000013	0.000002	0.000005	0.000005	0.000000	0.000071	0.000000
48	0.999802	0.000095	0.000013	0.000003	0.000006	0.000005	0.000000	0.000075	0.000000
49	0.999791	0.000100	0.000014	0.000003	0.000006	0.000006	0.000000	0.000079	0.000000
50	0.999780	0.000106	0.000015	0.000003	0.000006	0.000006	0.000000	0.000084	0.000000
51	0.999767	0.000112	0.000015	0.000004	0.000007	0.000006	0.000000	0.000089	0.000000
52	0.999754	0.000117	0.000016	0.000003	0.000007	0.000006	0.000000	0.000095	0.000000
53	0.999741	0.000122	0.000017	0.000003	0.000008	0.000007	0.000000	0.000100	0.000000
54	0.999727	0.000129	0.000018	0.000004	0.000008	0.000007	0.000000	0.000107	0.000000
55	0.999712	0.000135	0.000020	0.000004	0.000008	0.000008	0.000000	0.000113	0.000000
56	0.999696	0.000143	0.000020	0.000004	0.000009	0.000008	0.000000	0.000120	0.000000
57	0.999679	0.000151	0.000021	0.000004	0.000009	0.000009	0.000000	0.000127	0.000000
58	0.999661	0.000159	0.000022	0.000004	0.000010	0.000009	0.000000	0.000134	0.000000
59	0.999644	0.000166	0.000024	0.000004	0.000010	0.000010	0.000000	0.000142	0.000000
60	0.999624	0.000175	0.000025	0.000005	0.000010	0.000010	0.000000	0.000150	0.000000
61	0.999604	0.000184	0.000026	0.000005	0.000011	0.000011	0.000001	0.000158	0.000000
62	0.999583	0.000193	0.000027	0.000006	0.000012	0.000011	0.000001	0.000167	0.000000
63	0.999561	0.000203	0.000028	0.000006	0.000012	0.000012	0.000001	0.000177	0.000000
64	0.999537	0.000213	0.000029	0.000006	0.000013	0.000012	0.000001	0.000188	0.000001
65	0.999514	0.000223	0.000030	0.000007	0.000014	0.000013	0.000001	0.000198	0.000001
66	0.999489	0.000235	0.000032	0.000006	0.000014	0.000014	0.000001	0.000209	0.000001
67	0.999463	0.000246	0.000034	0.000007	0.000015	0.000015	0.000001	0.000220	0.000001
68	0.999435	0.000258	0.000036	0.000007	0.000016	0.000015	0.000001	0.000232	0.000001
69	0.999406	0.000270	0.000038	0.000007	0.000017	0.000016	0.000001	0.000245	0.000001
70	0.999376	0.000282	0.000040	0.000008	0.000017	0.000017	0.000001	0.000258	0.000001
71	0.999343	0.000297	0.000042	0.000009	0.000018	0.000018	0.000001	0.000272	0.000001
72	0.999309	0.000313	0.000044	0.000009	0.000019	0.000019	0.000001	0.000287	0.000001
73	0.999272	0.000329	0.000046	0.000009	0.000020	0.000020	0.000001	0.000303	0.000001
74	0.999234	0.000346	0.000049	0.000010	0.000020	0.000021	0.000001	0.000319	0.000001
75	0.999195	0.000363	0.000051	0.000010	0.000021	0.000022	0.000001	0.000336	0.000001
76	0.999153	0.000382	0.000054	0.000011	0.000022	0.000023	0.000001	0.000354	0.000001
77	0.999109	0.000401	0.000057	0.000012	0.000023	0.000024	0.000001	0.000373	0.000001
78	0.999064	0.000422	0.000058	0.000013	0.000025	0.000025	0.000001	0.000392	0.000001
79	0.999016	0.000442	0.000061	0.000013	0.000027	0.000026	0.000001	0.000414	0.000001
80	0.998966	0.000464	0.000064	0.000013	0.000028	0.000028	0.000001	0.000436	0.000001
81	0.998913	0.000487	0.000067	0.000014	0.000029	0.000029	0.000001	0.000459	0.000001
82	0.998858	0.000511	0.000071	0.000015	0.000030	0.000030	0.000001	0.000483	0.000001
83	0.998800	0.000536	0.000074	0.000016	0.000032	0.000032	0.000002	0.000508	0.000001
84	0.998740	0.000562	0.000078	0.000016	0.000033	0.000034	0.000002	0.000535	0.000002
85	0.998675	0.000592	0.000082	0.000017	0.000035	0.000035	0.000002	0.000562	0.000002
86	0.998608	0.000620	0.000085	0.000018	0.000038	0.000037	0.000002	0.000591	0.000002
87	0.998537	0.000653	0.000089	0.000019	0.000040	0.000039	0.000002	0.000622	0.000002
88	0.998463	0.000684	0.000094	0.000020	0.000041	0.000041	0.000002	0.000654	0.000002
89	0.998385	0.000719	0.000098	0.000020	0.000044	0.000044	0.000002	0.000688	0.000002
90	0.998304	0.000755	0.000104	0.000022	0.000045	0.000046	0.000002	0.000723	0.000002
91	0.998217	0.000794	0.000109	0.000022	0.000047	0.000048	0.000002	0.000760	0.000002
92	0.998127	0.000832	0.000117	0.000023	0.000050	0.000051	0.000002	0.000799	0.000003
93	0.998031	0.000876	0.000122	0.000025	0.000052	0.000054	0.000002	0.000839	0.000003
94	0.997931	0.000920	0.000128	0.000026	0.000055	0.000056	0.000003	0.000882	0.000003
95	0.997825	0.000966	0.000135	0.000028	0.000057	0.000059	0.000003	0.000927	0.000003
96	0.997714	0.001015	0.000141	0.000029	0.000061	0.000062	0.000003	0.000975	0.000003
97	0.997598	0.001067	0.000147	0.000031	0.000063	0.000065	0.000003	0.001026	0.000003
98	0.997475	0.001120	0.000156	0.000032	0.000067	0.000068	0.000003	0.001079	0.000003
99	0.997348	0.001175	0.000164	0.000035	0.000071	0.000071	0.000003	0.001134	0.000003
100	0.997214	0.001233	0.000171	0.000035	0.000075	0.000074	0.000004	0.001193	0.000004
101	0.997074	0.001294	0.000179	0.000038	0.000079	0.000078	0.000004	0.001255	0.000004
102	0.996927	0.001359	0.000188	0.000039	0.000082	0.000082	0.000004	0.001319	0.000004
103	0.996770	0.001428	0.000199	0.000041	0.000085	0.000087	0.000004	0.001387	0.000004
104	0.996607	0.001499	0.000208	0.000043	0.000090	0.000091	0.000004	0.001457	0.000005
105	0.996437	0.001575	0.000219	0.000044	0.000094	0.000095	0.000005	0.001532	0.000005
106	0.996258	0.001653	0.000232	0.000047	0.000098	0.000100	0.000005	0.001608	0.000005
107	0.996070	0.001735	0.000243	0.000051	0.000103	0.000105	0.000005	0.001688	0.000005
108	0.995873	0.001821	0.000255	0.000052	0.000109	0.000111	0.000005	0.001774	0.000006
109	0.995664	0.001914	0.000266	0.000055	0.000115	0.000116	0.000006	0.001865	0.000006
110	0.995447	0.002007	0.000280	0.000058	0.000120	0.000122	0.000006	0.001960	0.000006
111	0.995219	0.002107	0.000293	0.000060	0.000127	0.000128	0.000006	0.002060	0.000007
112	0.994981	0.002210	0.000308	0.000063	0.000132	0.000135	0.000006	0.002165	0.000007
113	0.994729	0.002318	0.000325	0.000067	0.000140	0.000143	0.000006	0.002272	0.000007
114	0.994465	0.002435	0.000338	0.000070	0.000148	0.000150	0.000007	0.002387	0.000008
115	0.994188	0.002557	0.000355	0.000072	0.000154	0.000158	0.000007	0.002509	0.000008
116	0.993895	0.002684	0.000374	0.000077	0.000163	0.000165	0.000008	0.002634	0.000008
117	0.993586	0.002821	0.000394	0.000081	0.000170	0.000173	0.000008	0.002768	0.000009
118	0.993261	0.002965	0.000412	0.000085	0.000179	0.000182	0.000008	0.002907	0.000009
119	0.992924	0.003110	0.000435	0.000089	0.000188	0.000192	0.000009	0.003054	0.000010
120	0.992570	0.003266	0.000453	0.000094	0.000198	0.000201	0.000009	0.003208	0.000010
121	0.992205	0.003425	0.000475	0.000098	0.000207	0.000211	0.000010	0.003371	0.000011
122	0.991817	0.003593	0.000499	0.000103	0.000217	0.000221	0.000011	0.003540	0.000012
123	0.991407	0.003773	0.000523	0.000109	0.000226	0.000233	0.000011	0.003718	0.000012
124	0.990980	0.003957	0.000550	0.000115	0.000237	0.000244	0.000012	0.003906	0.000013
125	0.990531	0.004154	0.000575	0.000120	0.000248	0.000256	0.000012	0.004104	0.000013
126	0.990060	0.004359	0.000605	0.000125	0.000260	0.000269	0.000013	0.004310	0.000014
127	0.989566	0.004575	0.000634	0.000131	0.000274	0.000282	0.000013	0.004524	0.000015
128	0.989047	0.004802	0.000667	0.000137	0.000286	0.000296	0.000014	0.004750	0.000015
129	0.988502	0.005040	0.000700	0.000143	0.000305	0.000310	0.000015	0.004986	0.000016
130	0.987933	0.005290	0.000732	0.000149	0.000318	0.000326	0.000015	0.005236	0.000017
131	0.987334	0.005547	0.000774	0.000158	0.000333	0.000343	0.000016	0.005496	0.000018
132	0.986704	0.005819	0.000813	0.000168	0.000350	0.000359	0.000016	0.005770	0.000019
133	0.986043	0.006107	0.000852	0.000176	0.000368	0.000377	0.000017	0.006059	0.000020
134	0.985351	0.006410	0.000889	0.000185	0.000387	0.000396	0.000018	0.006363	0.000020
135	0.984622	0.006727	0.000937	0.000192	0.000405	0.000415	0.000019	0.006683	0.000021
136	0.983862	0.007055	0.000984	0.000202	0.000424	0.000434	0.000020	0.007019	0.000022
137	0.983069	0.007397	0.001033	0.000213	0.000444	0.000454	0.000021	0.007369	0.000024
138	0.982235	0.007754	0.001087	0.000222	0.000468	0.000475	0.000022	0.007735	0.000027
139	0.981360	0.008133	0.001139	0.000237	0.000491	0.000498	0.000023	0.008119	0.000030
140	0.980440	0.008534	0.001192	0.000247	0.000514	0.000522	0.000024	0.008526	0.000034
141	0.979488	0.008940	0.001251	0.000258	0.000540	0.000546	0.000026	0.008951	0.000037
142	0.978482	0.009374	0.001313	0.000270	0.000564	0.000574	0.000027	0.009395	0.000041
143	0.977433	0.009826	0.001373	0.000285	0.000594	0.000598	0.000029	0.009863	0.000046
144	0.976335	0.010297	0.001437	0.000300	0.000621	0.000625	0.000030	0.010355	0.000051
145	0.975180	0.010796	0.001506	0.000312	0.000652	0.000653	0.000031	0.010871	0.000058
146	0.973981	0.011307	0.001580	0.000326	0.000684	0.000681	0.000033	0.011410	0.000067
147	0.972731	0.011832	0.001655	0.000345	0.000719	0.000710	0.000034	0.011973	0.000076
148	0.971413	0.012397	0.001732	0.000360	0.000753	0.000742	0.000036	0.012567	0.000085
149	0.970035	0.012983	0.001816	0.000378	0.000790	0.000775	0.000037	0.013187	0.000096
150	0.968596	0.013593	0.001898	0.000398	0.000830	0.000808	0.000039	0.013837	0.000106
151	0.967093	0.014228	0.001993	0.000412	0.000867	0.000846	0.000041	0.014521	0.000118
152	0.965518	0.014899	0.002082	0.000434	0.000910	0.000880	0.000042	0.015233	0.000131
153	0.963872	0.015590	0.002186	0.000455	0.000953	0.000919	0.000044	0.015980	0.000144
154	0.962157	0.016317	0.002280	0.000478	0.001001	0.000958	0.000046	0.016761	0.000160
155	0.960373	0.017067	0.002389	0.000497	0.001048	0.000995	0.000048	0.017583	0.000182
156	0.958513	0.017851	0.002499	0.000524	0.001094	0.001028	0.000051	0.018439	0.000211
157	0.956588	0.018658	0.002610	0.000550	0.001150	0.001057	0.000053	0.019334	0.000248
158	0.954581	0.019505	0.002727	0.000574	0.001202	0.001086	0.000055	0.020270	0.000293
159	0.952504	0.020370	0.002856	0.000598	0.001255	0.001114	0.000057	0.021246	0.000347
160	0.950351	0.021260	0.002983	0.000628	0.001314	0.001137	0.000060	0.022267	0.000407
161	0.948110	0.022196	0.003111	0.000655	0.001372	0.001159	0.000061	0.023335	0.000477
162	0.945788	0.023159	0.003250	0.000682	0.001436	0.001177	0.000063	0.024445	0.000558
163	0.943391	0.024140	0.003391	0.000715	0.001501	0.001194	0.000065	0.025603	0.000645
164	0.940899	0.025158	0.003545	0.000743	0.001568	0.001208	0.000066	0.026813	0.000743
165	0.938323	0.026209	0.003688	0.000783	0.001637	0.001220	0.000068	0.028071	0.000852
166	0.935656	0.027281	0.003845	0.000811	0.001715	0.001232	0.000070	0.029390	0.000967
167	0.932892	0.028392	0.003998	0.000849	0.001793	0.001244	0.000071	0.030761	0.001090
168	0.930028	0.029534	0.004167	0.000882	0.001870	0.001253	0.000073	0.032191	0.001228
169	0.927070	0.030710	0.004330	0.000925	0.001946	0.001262	0.000074	0.033683	0.001376
170	0.924014	0.031909	0.004513	0.000960	0.002026	0.001270	0.000077	0.035232	0.001535
171	0.920846	0.033155	0.004686	0.001004	0.002114	0.001276	0.000078	0.036841	0.001704
172	0.917573	0.034426	0.004871	0.001048	0.002199	0.001281	0.000079	0.038524	0.001883
173	0.914199	0.035729	0.005053	0.001090	0.002293	0.001285	0.000080	0.040270	0.002078
174	0.910746	0.037031	0.005249	0.001132	0.002383	0.001289	0.000081	0.042089	0.002282
175	0.907176	0.038373	0.005441	0.001180	0.002479	0.001292	0.000082	0.043976	0.002497
176	0.903485	0.039767	0.005637	0.001220	0.002576	0.001294	0.000083	0.045937	0.002731
177	0.899686	0.041170	0.005855	0.001269	0.002674	0.001296	0.000085	0.047966	0.002975
178	0.895761	0.042621	0.006058	0.001322	0.002783	0.001298	0.000085	0.050073	0.003233
179	0.891722	0.044101	0.006274	0.001369	0.002883	0.001299	0.000086	0.052266	0.003506
180	0.887580	0.045599	0.006486	0.001425	0.002992	0.001300	0.000087	0.054532	0.003791
181	0.883324	0.047115	0.006711	0.001475	0.003098	0.001301	0.000087	0.056890	0.004089
182	0.878936	0.048669	0.006939	0.001525	0.003212	0.001303	0.000088	0.059330	0.004400
183	0.874426	0.050254	0.007169	0.001580	0.003328	0.001304	0.000089	0.061850	0.004727
184	0.869803	0.051862	0.007404	0.001636	0.003444	0.001304	0.000089	0.064457	0.005074
185	0.865064	0.053491	0.007645	0.001693	0.003565	0.001304	0.000089	0.067150	0.005438
186	0.860199	0.055144	0.007882	0.001752	0.003691	0.001304	0.000090	0.069939	0.005813
187	0.855223	0.056816	0.008124	0.001809	0.003812	0.001304	0.000091	0.072821	0.006209
188	0.850128	0.058497	0.008381	0.001868	0.003932	0.001304	0.000091	0.075800	0.006621
189	0.844908	0.060211	0.008620	0.001933	0.004060	0.001304	0.000092	0.078872	0.007047
190	0.839579	0.061923	0.008881	0.001980	0.004194	0.001304	0.000092	0.082047	0.007494
191	0.834132	0.063638	0.009144	0.002048	0.004329	0.001304	0.000093	0.085312	0.007955
192	0.828576	0.065362	0.009403	0.002118	0.004468	0.001304	0.000094	0.088675	0.008442
193	0.822883	0.067121	0.009657	0.002185	0.004603	0.001304	0.000094	0.092153	0.008948
194	0.817076	0.068890	0.009918	0.002236	0.004748	0.001304	0.000094	0.095734	0.009473
195	0.811159	0.070662	0.010178	0.002309	0.004880	0.001304	0.000094	0.099414	0.010015
196	0.805137	0.072426	0.010447	0.002372	0.005018	0.001304	0.000094	0.103202	0.010576
197	0.799002	0.074181	0.010721	0.002444	0.005156	0.001304	0.000094	0.107099	0.011153
198	0.792755	0.075950	0.010977	0.002512	0.005305	0.001304	0.000094	0.111103	0.011752
199	0.786409	0.077708	0.011243	0.002573	0.005448	0.001304	0.000095	0.115220	0.012370
200	0.779949	0.079465	0.011514	0.002641	0.005591	0.001304	0.000095	0.119441	0.013007
201	0.773397	0.081190	0.011796	0.002714	0.005732	0.001304	0.000095	0.123772	0.013666
202	0.766731	0.082928	0.012045	0.002789	0.005892	0.001304	0.000095	0.128216	0.014347
203	0.759978	0.084673	0.012279	0.002852	0.006035	0.001304	0.000095	0.132784	0.015052
204	0.753168	0.086342	0.012564	0.002910	0.006163	0.001304	0.000095	0.137454	0.015780
205	0.746258	0.088008	0.012802	0.002992	0.006325	0.001304	0.000096	0.142215	0.016523
206	0.739251	0.089661	0.013047	0.003062	0.006461	0.001304	0.000096	0.147118	0.017288
207	0.732188	0.091256	0.013293	0.003119	0.006619	0.001304	0.000096	0.152124	0.018072
208	0.725053	0.092836	0.013523	0.003190	0.006756	0.001304	0.000095	0.157244	0.018877
209	0.717854	0.094367	0.013777	0.003247	0.006892	0.001304	0.000095	0.162462	0.019708
210	0.710584	0.095863	0.014016	0.003315	0.007039	0.001304	0.000096	0.167783	0.020554
211	0.703254	0.097321	0.014240	0.003384	0.007178	0.001304	0.000096	0.173222	0.021420
212	0.695857	0.098750	0.014465	0.003444	0.007306	0.001304	0.000097	0.178776	0.022305
213	0.688428	0.100098	0.014703	0.003501	0.007440	0.001304	0.000097	0.184429	0.023212
214	0.680963	0.101413	0.014892	0.003574	0.007577	0.001304	0.000097	0.190181	0.024136
215	0.673461	0.102657	0.015097	0.003635	0.007701	0.001304	0.000097	0.196047	0.025083
216	0.665921	0.103876	0.015276	0.003683	0.007832	0.001304	0.000097	0.202011	0.026051
217	0.658376	0.105004	0.015474	0.003743	0.007931	0.001304	0.000098	0.208070	0.027037
218	0.650799	0.106058	0.015667	0.003798	0.008061	0.001304	0.000098	0.214215	0.028032
219	0.643216	0.107072	0.015810	0.003858	0.008189	0.001304	0.000100	0.220452	0.029055
220	0.635611	0.108014	0.015970	0.003904	0.008300	0.001304	0.000100	0.226797	0.030093
221	0.628004	0.108890	0.016123	0.003959	0.008395	0.001304	0.000101	0.233225	0.031145
222	0.620409	0.109674	0.016272	0.003994	0.008511	0.001304	0.000101	0.239735	0.032210
223	0.612844	0.110381	0.016386	0.004057	0.008609	0.001304	0.000101	0.246319	0.033296
224	0.605271	0.111064	0.016476	0.004092	0.008693	0.001304	0.000101	0.252999	0.034402
225	0.597728	0.111657	0.016580	0.004114	0.008770	0.001304	0.000101	0.259745	0.035517
226	0.590234	0.112130	0.016682	0.004163	0.008839	0.001304	0.000101	0.266545	0.036641
227	0.582785	0.112525	0.016756	0.004198	0.008922	0.001304	0.000102	0.273408	0.037784
228	0.575374	0.112833	0.016830	0.004223	0.008996	0.001304	0.000101	0.280339	0.038937
229	0.568009	0.113070	0.016878	0.004260	0.009057	0.001304	0.000102	0.287321	0.040102
230	0.560693	0.113220	0.016939	0.004281	0.009103	0.001304	0.000101	0.294358	0.041280
231	0.553423	0.113321	0.016945	0.004311	0.009158	0.001304	0.000102	0.301437	0.042465
232	0.546205	0.113334	0.016975	0.004316	0.009202	0.001304	0.000102	0.308563	0.043660
233	0.539062	0.113260	0.016972	0.004350	0.009236	0.001304	0.000102	0.315714	0.044858
234	0.531986	0.113090	0.016988	0.004355	0.009260	0.001304	0.000103	0.322914	0.046064
235	0.524992	0.112849	0.016957	0.004378	0.009289	0.001304	0.000103	0.330128	0.047277
236	0.518077	0.112519	0.016934	0.004381	0.009307	0.001304	0.000103	0.337375	0.048492
237	0.511245	0.112100	0.016909	0.004380	0.009322	0.001304	0.000103	0.344638	0.049713
238	0.504485	0.111643	0.016845	0.004382	0.009329	0.001304	0.000103	0.351908	0.050942
239	0.497851	0.111082	0.016761	0.004390	0.009319	0.001304	0.000103	0.359189	0.052172
240	0.491295	0.110442	0.016710	0.004368	0.009305	0.001304	0.000103	0.366473	0.053402
241	0.484834	0.109734	0.016616	0.004368	0.009307	0.001304	0.000104	0.373733	0.054633
242	0.478471	0.108957	0.016521	0.004363	0.009270	0.001304	0.000104	0.381010	0.055869
243	0.472196	0.108133	0.016403	0.004349	0.009247	0.001304	0.000104	0.388265	0.057099
244	0.466045	0.107212	0.016298	0.004329	0.009194	0.001304	0.000104	0.395514	0.058327
245	0.459971	0.106266	0.016159	0.004316	0.009153	0.001304	0.000105	0.402727	0.059546
246	0.454016	0.105243	0.016019	0.004281	0.009116	0.001304	0.000105	0.409916	0.060760
247	0.448181	0.104154	0.015879	0.004265	0.009050	0.001304	0.000105	0.417061	0.061976
248	0.442436	0.103024	0.015728	0.004235	0.008994	0.001304	0.000106	0.424173	0.063176
249	0.436807	0.101858	0.015545	0.004207	0.008924	0.001304	0.000106	0.431248	0.064374
250	0.431313	0.100608	0.015381	0.004169	0.008845	0.001304	0.000107	0.438274	0.065563
251	0.425911	0.099320	0.015204	0.004139	0.008779	0.001304	0.000107	0.445236	0.066746
252	0.420636	0.097981	0.015021	0.004095	0.008697	0.001304	0.000108	0.452157	0.067921
253	0.415440	0.096629	0.014827	0.004051	0.008632	0.001304	0.000109	0.459008	0.069078
254	0.410378	0.095243	0.014612	0.004022	0.008529	0.001304	0.000109	0.465803	0.070235
255	0.405427	0.093810	0.014415	0.003972	0.008422	0.001304	0.000110	0.472539	0.071373
256	0.400596	0.092361	0.014184	0.003930	0.008325	0.001304	0.000110	0.479190	0.072501
257	0.395871	0.090861	0.013988	0.003870	0.008222	0.001304	0.000110	0.485773	0.073611
258	0.391259	0.089351	0.013760	0.003824	0.008123	0.001304	0.000111	0.492269	0.074710
259	0.386758	0.087811	0.013541	0.003772	0.008011	0.001304	0.000110	0.498693	0.075795
260	0.382366	0.086245	0.013325	0.003717	0.007898	0.001304	0.000111	0.505033	0.076866
261	0.378080	0.084683	0.013085	0.003671	0.007779	0.001304	0.000111	0.511287	0.077921
262	0.373910	0.083082	0.012866	0.003610	0.007657	0.001304	0.000111	0.517459	0.078956
263	0.369841	0.081475	0.012627	0.003558	0.007544	0.001304	0.000112	0.523538	0.079973
264	0.365877	0.079867	0.012382	0.003502	0.007426	0.001304	0.000112	0.529529	0.080979
265	0.362001	0.078284	0.012130	0.003429	0.007301	0.001304	0.000112	0.535439	0.081968
266	0.358244	0.076671	0.011888	0.003380	0.007163	0.001304	0.000112	0.541240	0.082936
267	0.354594	0.075045	0.011651	0.003307	0.007047	0.001304	0.000114	0.546938	0.083888
268	0.351035	0.073431	0.011410	0.003254	0.006911	0.001304	0.000114	0.552540	0.084823
269	0.347567	0.071831	0.011174	0.003192	0.006771	0.001304	0.000115	0.558046	0.085742
270	0.344201	0.070232	0.010926	0.003131	0.006641	0.001304	0.000115	0.563450	0.086640
271	0.340929	0.068635	0.010689	0.003075	0.006503	0.001304	0.000115	0.568750	0.087520
272	0.337744	0.067049	0.010458	0.002998	0.006376	0.001304	0.000115	0.573956	0.088380
273	0.334643	0.065478	0.010218	0.002948	0.006245	0.001304	0.000115	0.579049	0.089219
274	0.331627	0.063910	0.010001	0.002885	0.006104	0.001304	0.000116	0.584053	0.090038
275	0.328695	0.062372	0.009758	0.002823	0.005985	0.001304	0.000116	0.588948	0.090838
276	0.325846	0.060847	0.009529	0.002755	0.005850	0.001304	0.000117	0.593752	0.091624
277	0.323070	0.059347	0.009282	0.002703	0.005726	0.001304	0.000117	0.598450	0.092379
278	0.320389	0.057855	0.009057	0.002639	0.005581	0.001304	0.000118	0.603057	0.093124
279	0.317779	0.056377	0.008841	0.002570	0.005458	0.001304	0.000119	0.607552	0.093845
280	0.315254	0.054919	0.008612	0.002521	0.005320	0.001304	0.000119	0.611950	0.094550
281	0.312810	0.053476	0.008394	0.002452	0.005195	0.001304	0.000119	0.616251	0.095238
282	0.310428	0.052070	0.008170	0.002391	0.005073	0.001304	0.000118	0.620446	0.095906
283	0.308123	0.050681	0.007954	0.002337	0.004937	0.001304	0.000119	0.624544	0.096556
284	0.305878	0.049310	0.007757	0.002279	0.004810	0.001304	0.000119	0.628543	0.097184
285	0.303692	0.047971	0.007542	0.002223	0.004699	0.001304	0.000120	0.632449	0.097789
286	0.301590	0.046647	0.007338	0.002164	0.004574	0.001304	0.000120	0.636262	0.098385
287	0.299541	0.045359	0.007136	0.002100	0.004459	0.001304	0.000121	0.639980	0.098961
288	0.297551	0.044097	0.006942	0.002048	0.004335	0.001304	0.000122	0.643602	0.099517
289	0.295629	0.042847	0.006754	0.001993	0.004222	0.001304	0.000123	0.647129	0.100057
290	0.293756	0.041635	0.006559	0.001941	0.004113	0.001304	0.000122	0.650570	0.100578
291	0.291939	0.040451	0.006373	0.001890	0.003999	0.001304	0.000123	0.653921	0.101088
292	0.290180	0.039282	0.006193	0.001840	0.003894	0.001304	0.000123	0.657184	0.101578
293	0.288470	0.038144	0.006014	0.001789	0.003787	0.001304	0.000123	0.660370	0.102050
294	0.286806	0.037033	0.005840	0.001742	0.003682	0.001304	0.000123	0.663470	0.102504
295	0.285199	0.035937	0.005686	0.001687	0.003574	0.001304	0.000123	0.666490	0.102946
296	0.283635	0.034873	0.005515	0.001641	0.003485	0.001304	0.000123	0.669423	0.103368
297	0.282118	0.033836	0.005355	0.001603	0.003378	0.001304	0.000123	0.672282	0.103778
298	0.280647	0.032821	0.005198	0.001554	0.003286	0.001304	0.000123	0.675067	0.104173
299	0.279220	0.031844	0.005035	0.001510	0.003184	0.001304	0.000124	0.677779	0.104552
300	0.277826	0.030884	0.004899	0.001460	0.003088	0.001304	0.000124	0.680415	0.104914
301	0.276483	0.029951	0.004744	0.001424	0.003005	0.001304	0.000125	0.682964	0.105263
302	0.275183	0.029025	0.004610	0.001376	0.002921	0.001304	0.000125	0.685457	0.105599
303	0.273919	0.028143	0.004463	0.001344	0.002831	0.001304	0.000124	0.687872	0.105927
304	0.272682	0.027287	0.004325	0.001296	0.002749	0.001304	0.000125	0.690233	0.106233
305	0.271483	0.026447	0.004198	0.001260	0.002663	0.001304	0.000125	0.692520	0.106528
306	0.270314	0.025641	0.004063	0.001226	0.002587	0.001304	0.000125	0.694740	0.106812
307	0.269189	0.024849	0.003938	0.001180	0.002510	0.001304	0.000126	0.696905	0.107086
308	0.268092	0.024082	0.003816	0.001149	0.002430	0.001304	0.000126	0.699000	0.107345
309	0.267027	0.023341	0.003699	0.001110	0.002359	0.001304	0.000126	0.701034	0.107597
310	0.265994	0.022611	0.003589	0.001080	0.002281	0.001304	0.000127	0.703013	0.107836
311	0.264988	0.021906	0.003478	0.001045	0.002216	0.001304	0.000127	0.704936	0.108060
312	0.264009	0.021227	0.003368	0.001018	0.002147	0.001304	0.000128	0.706800	0.108278
313	0.263061	0.020559	0.003266	0.000984	0.002082	0.001304	0.000128	0.708618	0.108484
314	0.262133	0.019919	0.003161	0.000954	0.002020	0.001304	0.000128	0.710381	0.108677
315	0.261236	0.019300	0.003058	0.000925	0.001955	0.001304	0.000128	0.712095	0.108862
316	0.260363	0.018693	0.002967	0.000891	0.001893	0.001304	0.000128	0.713762	0.109036
317	0.259512	0.018110	0.002870	0.000869	0.001835	0.001303	0.000129	0.715371	0.109202
318	0.258686	0.017541	0.002784	0.000838	0.001776	0.001303	0.000130	0.716942	0.109360
319	0.257873	0.017004	0.002688	0.000817	0.001719	0.001303	0.000129	0.718466	0.109507
320	0.257085	0.016471	0.002616	0.000782	0.001663	0.001302	0.000130	0.719950	0.109648
321	0.256325	0.015951	0.002534	0.000767	0.001610	0.001302	0.000130	0.721381	0.109782
322	0.255574	0.015454	0.002454	0.000739	0.001566	0.001302	0.000130	0.722782	0.109904
323	0.254848	0.014970	0.002377	0.000717	0.001516	0.001301	0.000130	0.724141	0.110021
324	0.254139	0.014505	0.002302	0.000696	0.001464	0.001301	0.000130	0.725463	0.110132
325	0.253449	0.014056	0.002228	0.000672	0.001419	0.001300	0.000130	0.726744	0.110235
326	0.252776	0.013623	0.002158	0.000654	0.001370	0.001300	0.000131	0.727989	0.110332
327	0.252118	0.013199	0.002094	0.000632	0.001327	0.001298	0.000131	0.729200	0.110420
328	0.251483	0.012788	0.002022	0.000612	0.001288	0.001297	0.000131	0.730377	0.110502
329	0.250857	0.012394	0.001965	0.000590	0.001243	0.001296	0.000130	0.731523	0.110577
330	0.250247	0.012009	0.001904	0.000573	0.001208	0.001295	0.000131	0.732633	0.110642
331	0.249656	0.011635	0.001846	0.000556	0.001169	0.001293	0.000131	0.733713	0.110706
332	0.249069	0.011280	0.001791	0.000538	0.001134	0.001291	0.000132	0.734765	0.110763
333	0.248499	0.010934	0.001738	0.000523	0.001099	0.001288	0.000132	0.735787	0.110816
334	0.247942	0.010606	0.001680	0.000507	0.001066	0.001287	0.000132	0.736780	0.110865
335	0.247400	0.010282	0.001632	0.000489	0.001032	0.001284	0.000132	0.737749	0.110908
336	0.246874	0.009973	0.001576	0.000474	0.001001	0.001282	0.000132	0.738689	0.110949
337	0.246362	0.009673	0.001527	0.000460	0.000965	0.001278	0.000131	0.739605	0.110984
338	0.245856	0.009385	0.001482	0.000444	0.000940	0.001270	0.000130	0.740492	0.111015
339	0.245365	0.009103	0.001440	0.000431	0.000912	0.001266	0.000130	0.741353	0.111043
340	0.244888	0.008824	0.001399	0.000419	0.000886	0.001257	0.000130	0.742198	0.111067
341	0.244420	0.008561	0.001354	0.000409	0.000862	0.001250	0.000129	0.743015	0.111092
342	0.243964	0.008306	0.001313	0.000396	0.000834	0.001243	0.000129	0.743815	0.111113
343	0.243525	0.008055	0.001277	0.000379	0.000812	0.001233	0.000128	0.744592	0.111134
344	0.243096	0.007816	0.001238	0.000371	0.000784	0.001222	0.000128	0.745344	0.111154
345	0.242677	0.007587	0.001198	0.000361	0.000760	0.001209	0.000128	0.746080	0.111171
346	0.242269	0.007363	0.001163	0.000348	0.000737	0.001195	0.000127	0.746797	0.111186
347	0.241875	0.007145	0.001128	0.000337	0.000716	0.001181	0.000127	0.747492	0.111200
348	0.241488	0.006935	0.001098	0.000328	0.000693	0.001165	0.000126	0.748167	0.111212
349	0.241110	0.006732	0.001067	0.000319	0.000675	0.001147	0.000125	0.748825	0.111225
350	0.240747	0.006536	0.001032	0.000309	0.000657	0.001133	0.000125	0.749462	0.111236
351	0.240393	0.006351	0.000998	0.000301	0.000634	0.001117	0.000123	0.750083	0.111249
352	0.240050	0.006167	0.000972	0.000290	0.000612	0.001099	0.000122	0.750689	0.111260
353	0.239715	0.005985	0.000946	0.000282	0.000597	0.001081	0.000120	0.751273	0.111270
354	0.239389	0.005812	0.000919	0.000275	0.000579	0.001061	0.000119	0.751846	0.111280
355	0.239072	0.005644	0.000892	0.000264	0.000564	0.001042	0.000118	0.752403	0.111289
356	0.238767	0.005478	0.000870	0.000258	0.000543	0.001023	0.000116	0.752945	0.111298
357	0.238469	0.005319	0.000845	0.000251	0.000529	0.000999	0.000115	0.753473	0.111306
358	0.238180	0.005163	0.000822	0.000244	0.000514	0.000978	0.000113	0.753987	0.111315
359	0.237899	0.005014	0.000797	0.000236	0.000500	0.000957	0.000111	0.754485	0.111323
360	0.237626	0.004869	0.000773	0.000230	0.000485	0.000936	0.000110	0.754971	0.111331
361	0.237361	0.004729	0.000747	0.000223	0.000473	0.000915	0.000108	0.755443	0.111339
362	0.237103	0.004594	0.000727	0.000216	0.000456	0.000895	0.000106	0.755903	0.111347
363	0.236852	0.004466	0.000701	0.000212	0.000443	0.000871	0.000104	0.756350	0.111354
364	0.236613	0.004333	0.000685	0.000200	0.000431	0.000851	0.000102	0.756785	0.111362
365	0.236379	0.004207	0.000664	0.000199	0.000419	0.000829	0.000100	0.757204	0.111369
366	0.236152	0.004082	0.000648	0.000191	0.000406	0.000809	0.000098	0.757615	0.111377
367	0.235930	0.003968	0.000624	0.000189	0.000395	0.000789	0.000095	0.758010	0.111384
368	0.235715	0.003852	0.000610	0.000180	0.000383	0.000768	0.000093	0.758399	0.111391
369	0.235510	0.003735	0.000593	0.000177	0.000374	0.000747	0.000092	0.758772	0.111398
370	0.235307	0.003625	0.000575	0.000173	0.000364	0.000727	0.000089	0.759139	0.111405
371	0.235110	0.003522	0.000557	0.000167	0.000351	0.000709	0.000088	0.759497	0.111411
372	0.234920	0.003416	0.000544	0.000160	0.000343	0.000688	0.000085	0.759844	0.111418
373	0.234736	0.003317	0.000525	0.000159	0.000331	0.000671	0.000083	0.760177	0.111424
374	0.234554	0.003224	0.000511	0.000152	0.000320	0.000652	0.000081	0.760505	0.111430
375	0.234379	0.003130	0.000497	0.000148	0.000312	0.000634	0.000079	0.760821	0.111436
376	0.234210	0.003038	0.000482	0.000144	0.000303	0.000616	0.000078	0.761129	0.111442
377	0.234045	0.002952	0.000466	0.000139	0.000297	0.000596	0.000075	0.761429	0.111448
378	0.233887	0.002865	0.000452	0.000136	0.000286	0.000582	0.000073	0.761719	0.111453
379	0.233733	0.002781	0.000439	0.000129	0.000282	0.000563	0.000072	0.762001	0.111459
380	0.233583	0.002700	0.000427	0.000127	0.000271	0.000550	0.000069	0.762272	0.111465
381	0.233438	0.002623	0.000412	0.000124	0.000261	0.000535	0.000068	0.762538	0.111470
382	0.233297	0.002546	0.000403	0.000119	0.000254	0.000518	0.000066	0.762797	0.111475
383	0.233160	0.002471	0.000392	0.000117	0.000247	0.000503	0.000064	0.763045	0.111480
384	0.233025	0.002400	0.000380	0.000115	0.000240	0.000489	0.000062	0.763289	0.111484
385	0.232897	0.002333	0.000364	0.000111	0.000233	0.000474	0.000060	0.763528	0.111488
386	0.232773	0.002261	0.000359	0.000105	0.000224	0.000460	0.000059	0.763758	0.111493
387	0.232653	0.002194	0.000346	0.000104	0.000221	0.000446	0.000057	0.763979	0.111497
388	0.232533	0.002131	0.000337	0.000101	0.000214	0.000432	0.000056	0.764197	0.111501
389	0.232419	0.002068	0.000327	0.000099	0.000207	0.000420	0.000054	0.764407	0.111505
390	0.232307	0.002007	0.000317	0.000094	0.000201	0.000408	0.000053	0.764613	0.111509
391	0.232198	0.001950	0.000307	0.000092	0.000193	0.000396	0.000052	0.764811	0.111513
392	0.232094	0.001893	0.000298	0.000089	0.000187	0.000385	0.000050	0.765004	0.111517
393	0.231991	0.001838	0.000292	0.000085	0.000182	0.000373	0.000048	0.765190	0.111521
394	0.231891	0.001784	0.000284	0.000085	0.000177	0.000362	0.000047	0.765370	0.111524
395	0.231795	0.001731	0.000276	0.000082	0.000172	0.000352	0.000046	0.765546	0.111528
396	0.231701	0.001683	0.000265	0.000080	0.000168	0.000341	0.000044	0.765717	0.111531
397	0.231612	0.001633	0.000259	0.000077	0.000161	0.000332	0.000043	0.765884	0.111535
398	0.231524	0.001584	0.000252	0.000075	0.000158	0.000321	0.000041	0.766045	0.111538
399	0.231441	0.001535	0.000245	0.000073	0.000153	0.000312	0.000040	0.766201	0.111541
400	0.231357	0.001491	0.000236	0.000072	0.000149	0.000302	0.000039	0.766353	0.111544
