days	S_Mean	E_Mean	IP_Mean	IA_Mean	TotalInfectious	H_Mean	ICU_Mean	Recovered_Mean	DeadCovid_Mean
0	0.000000	0.000000	0.000000	0.000000	0.000000	0.000000	0.000000	0.000000	0.000000
1	0.999999	0.000000	0.000000	0.000000	0.000000	0.000000	0.000000	0.000000	0.000000
2	0.999999	0.000000	0.000000	0.000000	0.000000	0.000000	0.000000	0.000000	0.000000
3	0.999999	0.000001	0.000000	0.000000	0.000000	0.000000	0.000000	0.000000	0.000000
4	0.999999	0.000001	0.000000	0.000000	0.000000	0.000000	0.000000	0.000000	0.000000
5	0.999998	0.000001	0.000000	0.000000	0.000000	0.000000	0.000000	0.000000	0.000000
6	0.999998	0.000001	0.000000	0.000000	0.000000	0.000000	0.000000	0.000000	0.000000
7	0.999998	0.000002	0.000000	0.000000	0.000000	0.000000	0.000000	0.000000	0.000000
8	0.999997	0.000002	0.000000	0.000000	0.000000	0.000000	0.000000	0.000000	0.000000
9	0.999997	0.000002	0.000000	0.000000	0.000000	0.000000	0.000000	0.000000	0.000000
10	0.999997	0.000002	0.000000	0.000000	0.000000	0.000000	0.000000	0.000000	0.000000
11	0.999996	0.000003	0.000000	0.000000	0.000000	0.000000	0.000000	0.000000	0.000000
12	0.999996	0.000003	0.000000	0.000000	0.000000	0.000000	0.000000	0.000000	0.000000
13	0.999996	0.000003	0.000000	0.000000	0.000000	0.000000	0.000000	0.000001	0.000000
14	0.999995	0.000003	0.000000	0.000000	0.000000	0.000000	0.000000	0.000001	0.000000
15	0.999995	0.000003	0.000000	0.000000	0.000000	0.000000	0.000000	0.000001	0.000000
16	0.999994	0.000004	0.000001	0.000000	0.000000	0.000000	0.000000	0.000001	0.000000
17	0.999994	0.000004	0.000001	0.000000	0.000000	0.000000	0.000000	0.000001	0.000000
18	0.999993	0.000004	0.000001	0.000000	0.000000	0.000000	0.000000	0.000001	0.000000
19	0.999993	0.000005	0.000001	0.000000	0.000000	0.000000	0.000000	0.000001	0.000000
20	0.999992	0.000005	0.000001	0.000000	0.000000	0.000000	0.000000	0.000002	0.000000
21	0.999992	0.000005	0.000001	0.000000	0.000000	0.000000	0.000000	0.000002	0.000000
22	0.999991	0.000006	0.000001	0.000000	0.000000	0.000000	0.000000	0.000002	0.000000
23	0.999990	0.000006	0.000001	0.000000	0.000000	0.000000	0.000000	0.000002	0.000000
24	0.999990	0.000006	0.000001	0.000000	0.000000	0.000000	0.000000	0.000002	0.000000
25	0.999989	0.000007	0.000001	0.000000	0.000000	0.000000	0.000000	0.000003	0.000000
26	0.999988	0.000007	0.000001	0.000000	0.000000	0.000000	0.000000	0.000003	0.000000
27	0.999987	0.000007	0.000001	0.000000	0.000000	0.000000	0.000000	0.000003	0.000000
28	0.999986	0.000008	0.000001	0.000000	0.000000	0.000000	0.000000	0.000004	0.000000
29	0.999985	0.000009	0.000001	0.000000	0.000000	0.000000	0.000000	0.000004	0.000000
30	0.999984	0.000009	0.000001	0.000000	0.000001	0.000000	0.000000	0.000004	0.000000
31	0.999983	0.000010	0.000001	0.000000	0.000001	0.000001	0.000000	0.000005	0.000000
32	0.999982	0.000010	0.000001	0.000000	0.000001	0.000001	0.000000	0.000005	0.000000
33	0.999980	0.000011	0.000002	0.000000	0.000001	0.000001	0.000000	0.000006	0.000000
34	0.999979	0.000012	0.000002	0.000000	0.000001	0.000001	0.000000	0.000006	0.000000
35	0.999977	0.000013	0.000002	0.000000	0.000001	0.000001	0.000000	0.000007	0.000000
36	0.999976	0.000013	0.000002	0.000000	0.000001	0.000001	0.000000	0.000007	0.000000
37	0.999974	0.000014	0.000002	0.000000	0.000001	0.000001	0.000000	0.000008	0.000000
38	0.999972	0.000015	0.000002	0.000000	0.000001	0.000001	0.000000	0.000009	0.000000
39	0.999971	0.000016	0.000002	0.000000	0.000001	0.000001	0.000000	0.000009	0.000000
40	0.999969	0.000017	0.000002	0.000000	0.000001	0.000001	0.000000	0.000010	0.000000
41	0.999967	0.000018	0.000002	0.000000	0.000001	0.000001	0.000000	0.000011	0.000000
42	0.999964	0.000019	0.000003	0.000000	0.000001	0.000001	0.000000	0.000011	0.000000
43	0.999962	0.000020	0.000003	0.000001	0.000001	0.000001	0.000000	0.000012	0.000000
44	0.999960	0.000021	0.000003	0.000001	0.000001	0.000001	0.000000	0.000013	0.000000
45	0.999957	0.000023	0.000003	0.000001	0.000001	0.000001	0.000000	0.000014	0.000000
46	0.999954	0.000024	0.000003	0.000001	0.000001	0.000001	0.000000	0.000015	0.000000
47	0.999951	0.000026	0.000004	0.000001	0.000001	0.000001	0.000000	0.000016	0.000000
48	0.999948	0.000027	0.000004	0.000001	0.000001	0.000001	0.000000	0.000017	0.000000
49	0.999944	0.000029	0.000004	0.000001	0.000002	0.000002	0.000000	0.000019	0.000000
50	0.999941	0.000031	0.000004	0.000001	0.000002	0.000002	0.000000	0.000020	0.000000
51	0.999937	0.000033	0.000004	0.000001	0.000002	0.000002	0.000000	0.000021	0.000000
52	0.999933	0.000035	0.000005	0.000001	0.000002	0.000002	0.000000	0.000023	0.000000
53	0.999928	0.000037	0.000005	0.000001	0.000002	0.000002	0.000000	0.000024	0.000000
54	0.999923	0.000039	0.000006	0.000001	0.000002	0.000002	0.000000	0.000026	0.000000
55	0.999918	0.000042	0.000006	0.000001	0.000002	0.000002	0.000000	0.000028	0.000000
56	0.999913	0.000045	0.000006	0.000001	0.000003	0.000002	0.000000	0.000030	0.000000
57	0.999907	0.000048	0.000007	0.000001	0.000003	0.000003	0.000000	0.000032	0.000000
58	0.999901	0.000051	0.000007	0.000001	0.000003	0.000003	0.000000	0.000034	0.000000
59	0.999894	0.000054	0.000008	0.000001	0.000003	0.000003	0.000000	0.000036	0.000000
60	0.999888	0.000058	0.000008	0.000002	0.000003	0.000003	0.000000	0.000039	0.000000
61	0.999880	0.000062	0.000008	0.000002	0.000003	0.000003	0.000000	0.000041	0.000000
62	0.999872	0.000066	0.000009	0.000002	0.000004	0.000003	0.000000	0.000044	0.000000
63	0.999864	0.000070	0.000009	0.000002	0.000004	0.000004	0.000000	0.000047	0.000000
64	0.999855	0.000074	0.000010	0.000002	0.000004	0.000004	0.000000	0.000050	0.000000
65	0.999846	0.000079	0.000011	0.000002	0.000004	0.000004	0.000000	0.000054	0.000000
66	0.999836	0.000084	0.000011	0.000002	0.000005	0.000004	0.000000	0.000057	0.000000
67	0.999826	0.000089	0.000012	0.000002	0.000005	0.000004	0.000000	0.000061	0.000000
68	0.999815	0.000095	0.000013	0.000003	0.000005	0.000005	0.000000	0.000065	0.000000
69	0.999803	0.000101	0.000014	0.000003	0.000006	0.000005	0.000000	0.000069	0.000000
70	0.999790	0.000108	0.000015	0.000003	0.000006	0.000005	0.000000	0.000073	0.000000
71	0.999777	0.000114	0.000016	0.000003	0.000006	0.000006	0.000000	0.000078	0.000000
72	0.999762	0.000122	0.000017	0.000003	0.000007	0.000006	0.000000	0.000083	0.000000
73	0.999747	0.000130	0.000018	0.000003	0.000007	0.000007	0.000000	0.000089	0.000000
74	0.999730	0.000138	0.000019	0.000004	0.000007	0.000007	0.000000	0.000094	0.000000
75	0.999713	0.000147	0.000020	0.000004	0.000008	0.000007	0.000000	0.000100	0.000000
76	0.999694	0.000156	0.000022	0.000004	0.000009	0.000008	0.000000	0.000107	0.000000
77	0.999675	0.000166	0.000022	0.000005	0.000009	0.000008	0.000000	0.000114	0.000000
78	0.999654	0.000177	0.000024	0.000005	0.000010	0.000009	0.000000	0.000122	0.000000
79	0.999632	0.000188	0.000025	0.000005	0.000010	0.000009	0.000000	0.000129	0.000000
80	0.999609	0.000199	0.000027	0.000005	0.000011	0.000010	0.000000	0.000138	0.000000
81	0.999584	0.000212	0.000029	0.000006	0.000012	0.000011	0.000000	0.000147	0.000000
82	0.999557	0.000225	0.000031	0.000006	0.000013	0.000011	0.000000	0.000156	0.000000
83	0.999529	0.000239	0.000032	0.000006	0.000013	0.000012	0.000001	0.000166	0.000000
84	0.999499	0.000254	0.000035	0.000007	0.000014	0.000013	0.000001	0.000177	0.000001
85	0.999467	0.000270	0.000037	0.000007	0.000015	0.000014	0.000001	0.000189	0.000001
86	0.999432	0.000288	0.000039	0.000008	0.000016	0.000015	0.000001	0.000201	0.000001
87	0.999396	0.000307	0.000042	0.000008	0.000017	0.000016	0.000001	0.000214	0.000001
88	0.999357	0.000326	0.000045	0.000009	0.000018	0.000017	0.000001	0.000227	0.000001
89	0.999316	0.000347	0.000047	0.000009	0.000019	0.000018	0.000001	0.000242	0.000001
90	0.999272	0.000370	0.000050	0.000010	0.000020	0.000019	0.000001	0.000258	0.000001
91	0.999226	0.000393	0.000053	0.000010	0.000022	0.000020	0.000001	0.000274	0.000001
92	0.999176	0.000418	0.000057	0.000011	0.000023	0.000022	0.000001	0.000291	0.000001
93	0.999124	0.000445	0.000060	0.000012	0.000025	0.000023	0.000001	0.000310	0.000001
94	0.999068	0.000473	0.000064	0.000012	0.000027	0.000024	0.000001	0.000330	0.000001
95	0.999008	0.000504	0.000068	0.000014	0.000028	0.000026	0.000001	0.000351	0.000001
96	0.998945	0.000536	0.000073	0.000014	0.000030	0.000027	0.000001	0.000374	0.000001
97	0.998877	0.000570	0.000078	0.000015	0.000032	0.000029	0.000001	0.000398	0.000001
98	0.998805	0.000606	0.000083	0.000016	0.000034	0.000031	0.000001	0.000424	0.000001
99	0.998728	0.000646	0.000087	0.000017	0.000036	0.000033	0.000001	0.000451	0.000001
100	0.998647	0.000687	0.000094	0.000018	0.000038	0.000035	0.000002	0.000480	0.000001
101	0.998561	0.000730	0.000100	0.000019	0.000040	0.000037	0.000002	0.000510	0.000001
102	0.998469	0.000777	0.000105	0.000021	0.000043	0.000040	0.000002	0.000543	0.000001
103	0.998372	0.000827	0.000112	0.000022	0.000045	0.000042	0.000002	0.000578	0.000002
104	0.998268	0.000879	0.000120	0.000023	0.000048	0.000045	0.000002	0.000615	0.000002
105	0.998159	0.000934	0.000127	0.000025	0.000051	0.000048	0.000002	0.000654	0.000002
106	0.998042	0.000993	0.000135	0.000026	0.000055	0.000051	0.000002	0.000696	0.000002
107	0.997917	0.001056	0.000144	0.000028	0.000058	0.000054	0.000002	0.000740	0.000002
108	0.997784	0.001124	0.000153	0.000030	0.000062	0.000057	0.000002	0.000788	0.000002
109	0.997643	0.001195	0.000163	0.000032	0.000066	0.000061	0.000003	0.000839	0.000002
110	0.997493	0.001271	0.000172	0.000034	0.000071	0.000065	0.000003	0.000892	0.000002
111	0.997333	0.001352	0.000183	0.000036	0.000074	0.000069	0.000003	0.000949	0.000003
112	0.997165	0.001436	0.000195	0.000038	0.000080	0.000073	0.000003	0.001010	0.000003
113	0.996986	0.001526	0.000207	0.000041	0.000085	0.000078	0.000003	0.001074	0.000003
114	0.996795	0.001623	0.000220	0.000043	0.000090	0.000083	0.000004	0.001143	0.000003
115	0.996591	0.001725	0.000234	0.000046	0.000095	0.000088	0.000004	0.001216	0.000003
116	0.996375	0.001834	0.000250	0.000049	0.000102	0.000094	0.000004	0.001293	0.000003
117	0.996145	0.001949	0.000266	0.000053	0.000108	0.000100	0.000004	0.001375	0.000004
118	0.995900	0.002073	0.000282	0.000056	0.000115	0.000106	0.000004	0.001463	0.000004
119	0.995641	0.002205	0.000300	0.000059	0.000122	0.000113	0.000005	0.001556	0.000004
120	0.995365	0.002344	0.000320	0.000062	0.000129	0.000120	0.000005	0.001655	0.000004
121	0.995073	0.002489	0.000341	0.000067	0.000138	0.000128	0.000005	0.001759	0.000005
122	0.994760	0.002647	0.000362	0.000071	0.000147	0.000136	0.000006	0.001872	0.000005
123	0.994428	0.002814	0.000384	0.000076	0.000156	0.000145	0.000006	0.001991	0.000005
124	0.994075	0.002991	0.000410	0.000080	0.000166	0.000154	0.000006	0.002118	0.000006
125	0.993701	0.003179	0.000435	0.000085	0.000176	0.000164	0.000007	0.002253	0.000006
126	0.993301	0.003381	0.000462	0.000091	0.000188	0.000174	0.000007	0.002396	0.000006
127	0.992878	0.003593	0.000492	0.000097	0.000199	0.000185	0.000008	0.002548	0.000007
128	0.992429	0.003819	0.000522	0.000103	0.000212	0.000197	0.000008	0.002711	0.000007
129	0.991951	0.004060	0.000554	0.000109	0.000225	0.000209	0.000009	0.002883	0.000007
130	0.991444	0.004315	0.000589	0.000116	0.000239	0.000222	0.000009	0.003065	0.000008
131	0.990904	0.004587	0.000625	0.000123	0.000255	0.000236	0.000010	0.003259	0.000009
132	0.990333	0.004873	0.000666	0.000130	0.000272	0.000250	0.000011	0.003466	0.000009
133	0.989724	0.005178	0.000708	0.000138	0.000289	0.000266	0.000011	0.003685	0.000010
134	0.989078	0.005503	0.000751	0.000147	0.000307	0.000283	0.000012	0.003918	0.000010
135	0.988393	0.005846	0.000800	0.000156	0.000326	0.000301	0.000013	0.004166	0.000011
136	0.987666	0.006210	0.000848	0.000166	0.000347	0.000320	0.000013	0.004430	0.000012
137	0.986892	0.006597	0.000901	0.000177	0.000368	0.000340	0.000014	0.004710	0.000012
138	0.986073	0.007006	0.000957	0.000187	0.000393	0.000360	0.000015	0.005009	0.000013
139	0.985203	0.007442	0.001015	0.000200	0.000415	0.000384	0.000016	0.005325	0.000014
140	0.984281	0.007899	0.001082	0.000211	0.000441	0.000407	0.000017	0.005662	0.000015
141	0.983305	0.008383	0.001149	0.000225	0.000470	0.000433	0.000018	0.006018	0.000016
142	0.982266	0.008899	0.001218	0.000240	0.000499	0.000461	0.000019	0.006397	0.000017
143	0.981167	0.009445	0.001294	0.000253	0.000531	0.000487	0.000021	0.006801	0.000020
144	0.980002	0.010023	0.001375	0.000270	0.000564	0.000516	0.000022	0.007228	0.000024
145	0.978766	0.010640	0.001457	0.000287	0.000599	0.000546	0.000023	0.007682	0.000029
146	0.977459	0.011287	0.001548	0.000304	0.000634	0.000578	0.000025	0.008165	0.000035
147	0.976079	0.011970	0.001641	0.000324	0.000674	0.000609	0.000026	0.008677	0.000043
148	0.974620	0.012693	0.001739	0.000344	0.000714	0.000641	0.000028	0.009221	0.000054
149	0.973080	0.013455	0.001845	0.000363	0.000758	0.000672	0.000029	0.009798	0.000068
150	0.971453	0.014259	0.001956	0.000384	0.000804	0.000704	0.000031	0.010408	0.000085
151	0.969741	0.015102	0.002072	0.000409	0.000855	0.000735	0.000033	0.011053	0.000108
152	0.967933	0.015994	0.002195	0.000433	0.000906	0.000765	0.000034	0.011739	0.000136
153	0.966043	0.016917	0.002328	0.000460	0.000961	0.000793	0.000036	0.012463	0.000171
154	0.964051	0.017892	0.002462	0.000489	0.001020	0.000819	0.000038	0.013230	0.000214
155	0.961952	0.018916	0.002608	0.000517	0.001077	0.000844	0.000039	0.014046	0.000263
156	0.959756	0.019981	0.002758	0.000548	0.001145	0.000868	0.000041	0.014904	0.000320
157	0.957445	0.021099	0.002915	0.000579	0.001213	0.000893	0.000043	0.015813	0.000384
158	0.955027	0.022266	0.003076	0.000615	0.001283	0.000914	0.000045	0.016775	0.000457
159	0.952492	0.023488	0.003242	0.000648	0.001358	0.000934	0.000046	0.017792	0.000541
160	0.949846	0.024749	0.003420	0.000686	0.001434	0.000953	0.000048	0.018865	0.000633
161	0.947075	0.026059	0.003606	0.000724	0.001516	0.000973	0.000049	0.019997	0.000733
162	0.944188	0.027411	0.003799	0.000766	0.001602	0.000991	0.000051	0.021192	0.000844
163	0.941170	0.028814	0.004003	0.000809	0.001691	0.001005	0.000053	0.022454	0.000967
164	0.938019	0.030275	0.004209	0.000854	0.001787	0.001018	0.000054	0.023784	0.001103
165	0.934735	0.031786	0.004423	0.000900	0.001886	0.001030	0.000056	0.025185	0.001253
166	0.931312	0.033351	0.004643	0.000947	0.001988	0.001041	0.000057	0.026661	0.001416
167	0.927756	0.034960	0.004874	0.000997	0.002093	0.001049	0.000059	0.028213	0.001594
168	0.924055	0.036618	0.005113	0.001048	0.002203	0.001059	0.000060	0.029844	0.001783
169	0.920211	0.038321	0.005361	0.001103	0.002317	0.001069	0.000061	0.031557	0.001988
170	0.916215	0.040079	0.005614	0.001161	0.002432	0.001076	0.000063	0.033360	0.002207
171	0.912070	0.041882	0.005873	0.001219	0.002556	0.001083	0.000064	0.035254	0.002441
172	0.907771	0.043741	0.006136	0.001274	0.002684	0.001088	0.000065	0.037240	0.002694
173	0.903314	0.045644	0.006414	0.001336	0.002811	0.001094	0.000066	0.039319	0.002962
174	0.898704	0.047589	0.006697	0.001397	0.002948	0.001100	0.000067	0.041497	0.003247
175	0.893929	0.049583	0.006984	0.001468	0.003088	0.001105	0.000069	0.043775	0.003548
176	0.888997	0.051623	0.007272	0.001530	0.003235	0.001111	0.000070	0.046162	0.003868
177	0.883909	0.053694	0.007577	0.001604	0.003372	0.001118	0.000071	0.048655	0.004209
178	0.878655	0.055810	0.007882	0.001673	0.003527	0.001123	0.000072	0.051258	0.004568
179	0.873247	0.057952	0.008198	0.001746	0.003680	0.001126	0.000073	0.053978	0.004949
180	0.867677	0.060132	0.008514	0.001821	0.003842	0.001127	0.000074	0.056812	0.005353
181	0.861944	0.062340	0.008846	0.001895	0.004001	0.001127	0.000075	0.059771	0.005779
182	0.856058	0.064573	0.009170	0.001974	0.004172	0.001130	0.000075	0.062847	0.006226
183	0.850015	0.066833	0.009497	0.002056	0.004340	0.001130	0.000076	0.066053	0.006696
184	0.843815	0.069117	0.009831	0.002132	0.004509	0.001133	0.000076	0.069386	0.007189
185	0.837465	0.071400	0.010179	0.002215	0.004684	0.001134	0.000077	0.072846	0.007704
186	0.830958	0.073703	0.010519	0.002301	0.004865	0.001136	0.000077	0.076440	0.008242
187	0.824299	0.076021	0.010858	0.002387	0.005048	0.001137	0.000077	0.080172	0.008807
188	0.817503	0.078333	0.011208	0.002469	0.005226	0.001138	0.000078	0.084045	0.009398
189	0.810565	0.080642	0.011558	0.002557	0.005408	0.001139	0.000078	0.088052	0.010013
190	0.803491	0.082945	0.011903	0.002648	0.005596	0.001140	0.000079	0.092200	0.010654
191	0.796278	0.085248	0.012245	0.002732	0.005780	0.001141	0.000079	0.096496	0.011321
192	0.788942	0.087523	0.012593	0.002822	0.005966	0.001142	0.000079	0.100933	0.012012
193	0.781485	0.089780	0.012935	0.002909	0.006156	0.001143	0.000079	0.105513	0.012730
194	0.773912	0.092002	0.013284	0.002997	0.006347	0.001142	0.000080	0.110237	0.013477
195	0.766220	0.094202	0.013623	0.003089	0.006537	0.001142	0.000080	0.115106	0.014251
196	0.758435	0.096361	0.013954	0.003176	0.006727	0.001142	0.000080	0.120125	0.015054
197	0.750557	0.098476	0.014280	0.003263	0.006918	0.001141	0.000080	0.125285	0.015883
198	0.742593	0.100536	0.014599	0.003352	0.007106	0.001141	0.000080	0.130592	0.016738
199	0.734537	0.102556	0.014913	0.003438	0.007290	0.001141	0.000080	0.136044	0.017620
200	0.726424	0.104495	0.015218	0.003521	0.007482	0.001140	0.000081	0.141639	0.018529
201	0.718250	0.106372	0.015507	0.003611	0.007661	0.001141	0.000081	0.147377	0.019465
202	0.710018	0.108172	0.015802	0.003690	0.007839	0.001141	0.000081	0.153258	0.020429
203	0.701745	0.109900	0.016069	0.003775	0.008019	0.001140	0.000081	0.159272	0.021420
204	0.693434	0.111532	0.016346	0.003856	0.008182	0.001140	0.000082	0.165429	0.022433
205	0.685088	0.113087	0.016596	0.003938	0.008356	0.001140	0.000082	0.171713	0.023473
206	0.676721	0.114556	0.016830	0.004011	0.008522	0.001138	0.000082	0.178138	0.024538
207	0.668341	0.115934	0.017054	0.004079	0.008681	0.001139	0.000082	0.184690	0.025625
208	0.659971	0.117202	0.017269	0.004150	0.008829	0.001138	0.000083	0.191359	0.026740
209	0.651610	0.118360	0.017469	0.004219	0.008972	0.001138	0.000083	0.198150	0.027875
210	0.643276	0.119402	0.017649	0.004287	0.009108	0.001138	0.000083	0.205056	0.029034
211	0.634963	0.120342	0.017820	0.004345	0.009238	0.001137	0.000083	0.212072	0.030214
212	0.626683	0.121164	0.017974	0.004407	0.009364	0.001138	0.000083	0.219186	0.031413
213	0.618440	0.121881	0.018108	0.004458	0.009487	0.001136	0.000084	0.226408	0.032634
214	0.610250	0.122476	0.018221	0.004514	0.009596	0.001136	0.000084	0.233723	0.033871
215	0.602122	0.122963	0.018317	0.004553	0.009693	0.001136	0.000084	0.241131	0.035129
216	0.594061	0.123321	0.018409	0.004597	0.009782	0.001136	0.000084	0.248611	0.036403
217	0.586077	0.123559	0.018467	0.004641	0.009867	0.001136	0.000084	0.256169	0.037689
218	0.578176	0.123680	0.018510	0.004670	0.009944	0.001135	0.000085	0.263800	0.038991
219	0.570360	0.123677	0.018545	0.004700	0.010007	0.001135	0.000085	0.271491	0.040305
220	0.562640	0.123565	0.018553	0.004724	0.010064	0.001134	0.000086	0.279235	0.041633
221	0.555023	0.123329	0.018550	0.004743	0.010109	0.001135	0.000086	0.287026	0.042969
222	0.547516	0.122981	0.018519	0.004765	0.010145	0.001134	0.000086	0.294854	0.044317
223	0.540111	0.122526	0.018480	0.004771	0.010171	0.001134	0.000086	0.302722	0.045670
224	0.532829	0.121963	0.018412	0.004782	0.010185	0.001133	0.000087	0.310609	0.047028
225	0.525664	0.121285	0.018346	0.004783	0.010185	0.001132	0.000087	0.318518	0.048391
226	0.518622	0.120508	0.018250	0.004783	0.010186	0.001132	0.000087	0.326432	0.049757
227	0.511711	0.119634	0.018139	0.004774	0.010169	0.001132	0.000087	0.334354	0.051125
228	0.504942	0.118645	0.018026	0.004761	0.010141	0.001132	0.000088	0.342266	0.052496
229	0.498300	0.117572	0.017882	0.004750	0.010115	0.001131	0.000088	0.350162	0.053866
230	0.491800	0.116401	0.017735	0.004730	0.010068	0.001131	0.000088	0.358047	0.055235
231	0.485434	0.115153	0.017567	0.004706	0.010019	0.001131	0.000089	0.365902	0.056598
232	0.479207	0.113822	0.017386	0.004681	0.009961	0.001131	0.000089	0.373723	0.057955
233	0.473125	0.112417	0.017193	0.004649	0.009891	0.001129	0.000089	0.381507	0.059309
234	0.467188	0.110933	0.016991	0.004610	0.009813	0.001130	0.000089	0.389247	0.060653
235	0.461389	0.109388	0.016776	0.004573	0.009732	0.001129	0.000090	0.396924	0.061987
236	0.455730	0.107792	0.016545	0.004530	0.009640	0.001129	0.000090	0.404544	0.063315
237	0.450223	0.106117	0.016326	0.004479	0.009539	0.001128	0.000091	0.412097	0.064630
238	0.444856	0.104392	0.016085	0.004438	0.009435	0.001129	0.000091	0.419574	0.065933
239	0.439635	0.102624	0.015824	0.004385	0.009327	0.001128	0.000091	0.426987	0.067224
240	0.434557	0.100814	0.015563	0.004324	0.009202	0.001127	0.000091	0.434321	0.068501
241	0.429620	0.098957	0.015301	0.004268	0.009078	0.001127	0.000091	0.441559	0.069761
242	0.424824	0.097072	0.015023	0.004212	0.008949	0.001126	0.000091	0.448703	0.071005
243	0.420164	0.095158	0.014746	0.004142	0.008814	0.001126	0.000091	0.455759	0.072232
244	0.415640	0.093221	0.014459	0.004082	0.008678	0.001126	0.000091	0.462703	0.073442
245	0.411251	0.091263	0.014174	0.004014	0.008528	0.001126	0.000092	0.469551	0.074632
246	0.406999	0.089288	0.013881	0.003942	0.008384	0.001125	0.000092	0.476289	0.075804
247	0.402870	0.087299	0.013595	0.003872	0.008233	0.001125	0.000093	0.482914	0.076953
248	0.398873	0.085301	0.013297	0.003805	0.008081	0.001125	0.000093	0.489425	0.078084
249	0.395001	0.083296	0.013003	0.003729	0.007928	0.001124	0.000093	0.495826	0.079190
250	0.391251	0.081299	0.012700	0.003659	0.007767	0.001125	0.000093	0.502105	0.080278
251	0.387620	0.079304	0.012401	0.003582	0.007602	0.001124	0.000094	0.508273	0.081341
252	0.384104	0.077325	0.012099	0.003505	0.007437	0.001124	0.000094	0.514312	0.082383
253	0.380707	0.075340	0.011812	0.003424	0.007272	0.001124	0.000094	0.520226	0.083401
254	0.377422	0.073374	0.011514	0.003353	0.007110	0.001123	0.000095	0.526010	0.084397
255	0.374243	0.071426	0.011213	0.003274	0.006950	0.001123	0.000095	0.531676	0.085368
256	0.371173	0.069490	0.010922	0.003194	0.006785	0.001123	0.000095	0.537218	0.086316
257	0.368213	0.067574	0.010627	0.003125	0.006617	0.001123	0.000096	0.542625	0.087244
258	0.365346	0.065682	0.010339	0.003039	0.006458	0.001123	0.000097	0.547916	0.088143
259	0.362579	0.063814	0.010059	0.002966	0.006289	0.001122	0.000097	0.553074	0.089021
260	0.359909	0.061967	0.009777	0.002891	0.006129	0.001122	0.000097	0.558108	0.089875
261	0.357326	0.060157	0.009495	0.002814	0.005972	0.001121	0.000098	0.563017	0.090705
262	0.354832	0.058379	0.009218	0.002739	0.005810	0.001122	0.000098	0.567802	0.091512
263	0.352425	0.056625	0.008951	0.002665	0.005648	0.001121	0.000098	0.572467	0.092294
264	0.350099	0.054904	0.008685	0.002593	0.005495	0.001121	0.000098	0.577004	0.093051
265	0.347854	0.053219	0.008424	0.002521	0.005339	0.001121	0.000099	0.581423	0.093788
266	0.345689	0.051569	0.008165	0.002447	0.005188	0.001121	0.000099	0.585722	0.094501
267	0.343598	0.049957	0.007912	0.002376	0.005034	0.001121	0.000100	0.589903	0.095192
268	0.341575	0.048384	0.007666	0.002304	0.004886	0.001121	0.000100	0.593963	0.095860
269	0.339631	0.046840	0.007423	0.002240	0.004738	0.001120	0.000101	0.597906	0.096504
270	0.337751	0.045333	0.007193	0.002167	0.004596	0.001120	0.000101	0.601739	0.097127
271	0.335934	0.043864	0.006966	0.002102	0.004456	0.001120	0.000101	0.605457	0.097730
272	0.334182	0.042426	0.006748	0.002038	0.004318	0.001120	0.000102	0.609065	0.098310
273	0.332487	0.041031	0.006528	0.001980	0.004183	0.001120	0.000103	0.612569	0.098870
274	0.330848	0.039679	0.006311	0.001913	0.004053	0.001121	0.000103	0.615972	0.099410
275	0.329270	0.038356	0.006108	0.001851	0.003921	0.001119	0.000104	0.619271	0.099931
276	0.327746	0.037069	0.005906	0.001793	0.003797	0.001120	0.000104	0.622464	0.100431
277	0.326269	0.035822	0.005712	0.001737	0.003672	0.001120	0.000105	0.625563	0.100912
278	0.324844	0.034609	0.005520	0.001685	0.003551	0.001119	0.000105	0.628567	0.101373
279	0.323467	0.033433	0.005332	0.001628	0.003435	0.001120	0.000106	0.631479	0.101818
280	0.322135	0.032291	0.005155	0.001576	0.003320	0.001119	0.000106	0.634299	0.102245
281	0.320847	0.031189	0.004973	0.001524	0.003212	0.001119	0.000107	0.637030	0.102653
282	0.319603	0.030117	0.004808	0.001467	0.003104	0.001119	0.000107	0.639675	0.103045
283	0.318395	0.029083	0.004644	0.001418	0.003004	0.001119	0.000108	0.642229	0.103419
284	0.317230	0.028078	0.004485	0.001372	0.002903	0.001118	0.000108	0.644706	0.103778
285	0.316098	0.027114	0.004326	0.001326	0.002806	0.001119	0.000109	0.647103	0.104120
286	0.315004	0.026179	0.004179	0.001278	0.002707	0.001119	0.000110	0.649424	0.104449
287	0.313947	0.025275	0.004035	0.001235	0.002613	0.001120	0.000110	0.651666	0.104763
288	0.312920	0.024403	0.003895	0.001195	0.002522	0.001119	0.000110	0.653835	0.105063
289	0.311923	0.023559	0.003763	0.001153	0.002439	0.001119	0.000110	0.655934	0.105347
290	0.310959	0.022741	0.003634	0.001115	0.002353	0.001119	0.000111	0.657966	0.105619
291	0.310022	0.021955	0.003509	0.001075	0.002275	0.001119	0.000111	0.659934	0.105879
292	0.309114	0.021193	0.003391	0.001038	0.002197	0.001119	0.000112	0.661837	0.106125
293	0.308230	0.020465	0.003272	0.001004	0.002121	0.001118	0.000112	0.663678	0.106360
294	0.307372	0.019765	0.003156	0.000968	0.002048	0.001119	0.000112	0.665461	0.106582
295	0.306539	0.019086	0.003049	0.000933	0.001977	0.001119	0.000113	0.667184	0.106792
296	0.305729	0.018435	0.002943	0.000903	0.001908	0.001119	0.000113	0.668849	0.106992
297	0.304940	0.017810	0.002841	0.000872	0.001842	0.001120	0.000114	0.670462	0.107182
298	0.304173	0.017207	0.002747	0.000838	0.001779	0.001118	0.000114	0.672025	0.107362
299	0.303424	0.016627	0.002653	0.000813	0.001716	0.001119	0.000114	0.673533	0.107531
300	0.302697	0.016070	0.002561	0.000783	0.001658	0.001119	0.000115	0.674996	0.107690
301	0.301988	0.015530	0.002477	0.000755	0.001603	0.001119	0.000116	0.676412	0.107840
302	0.301300	0.015013	0.002391	0.000732	0.001547	0.001119	0.000116	0.677781	0.107982
303	0.300628	0.014516	0.002313	0.000706	0.001493	0.001119	0.000116	0.679109	0.108115
304	0.299970	0.014041	0.002235	0.000682	0.001445	0.001118	0.000116	0.680394	0.108240
305	0.299330	0.013579	0.002165	0.000659	0.001394	0.001119	0.000117	0.681638	0.108357
306	0.298700	0.013141	0.002092	0.000637	0.001350	0.001118	0.000117	0.682844	0.108465
307	0.298087	0.012720	0.002023	0.000615	0.001304	0.001118	0.000117	0.684014	0.108567
308	0.297491	0.012313	0.001958	0.000594	0.001260	0.001118	0.000118	0.685148	0.108663
309	0.296906	0.011920	0.001899	0.000575	0.001217	0.001117	0.000118	0.686248	0.108752
310	0.296334	0.011547	0.001835	0.000558	0.001178	0.001117	0.000118	0.687312	0.108835
311	0.295775	0.011190	0.001779	0.000538	0.001137	0.001115	0.000119	0.688348	0.108914
312	0.295226	0.010846	0.001723	0.000521	0.001102	0.001114	0.000119	0.689349	0.108984
313	0.294689	0.010517	0.001669	0.000504	0.001067	0.001112	0.000119	0.690323	0.109051
314	0.294162	0.010203	0.001617	0.000488	0.001033	0.001110	0.000120	0.691267	0.109112
315	0.293646	0.009901	0.001568	0.000472	0.001000	0.001107	0.000120	0.692186	0.109168
316	0.293144	0.009613	0.001516	0.000456	0.000969	0.001103	0.000120	0.693079	0.109221
317	0.292651	0.009333	0.001474	0.000440	0.000937	0.001098	0.000120	0.693945	0.109270
318	0.292168	0.009064	0.001433	0.000429	0.000908	0.001095	0.000120	0.694783	0.109315
319	0.291693	0.008807	0.001391	0.000418	0.000881	0.001088	0.000121	0.695602	0.109356
320	0.291230	0.008560	0.001351	0.000404	0.000853	0.001083	0.000120	0.696399	0.109395
321	0.290776	0.008322	0.001313	0.000392	0.000827	0.001076	0.000120	0.697174	0.109432
322	0.290332	0.008094	0.001274	0.000380	0.000803	0.001069	0.000120	0.697927	0.109465
323	0.289898	0.007874	0.001242	0.000367	0.000779	0.001061	0.000119	0.698660	0.109495
324	0.289471	0.007662	0.001207	0.000359	0.000758	0.001054	0.000118	0.699371	0.109524
325	0.289055	0.007459	0.001174	0.000348	0.000734	0.001046	0.000118	0.700065	0.109552
326	0.288647	0.007263	0.001142	0.000339	0.000715	0.001036	0.000118	0.700740	0.109577
327	0.288248	0.007073	0.001113	0.000328	0.000695	0.001026	0.000117	0.701400	0.109600
328	0.287858	0.006890	0.001084	0.000320	0.000675	0.001015	0.000116	0.702041	0.109623
329	0.287475	0.006714	0.001056	0.000312	0.000657	0.001005	0.000116	0.702666	0.109644
330	0.287100	0.006546	0.001028	0.000302	0.000640	0.000992	0.000115	0.703278	0.109664
331	0.286733	0.006381	0.001003	0.000294	0.000623	0.000980	0.000114	0.703872	0.109681
332	0.286375	0.006223	0.000977	0.000286	0.000607	0.000967	0.000113	0.704452	0.109698
333	0.286022	0.006069	0.000956	0.000277	0.000591	0.000954	0.000112	0.705018	0.109714
334	0.285678	0.005923	0.000929	0.000273	0.000577	0.000940	0.000111	0.705569	0.109729
335	0.285343	0.005777	0.000909	0.000263	0.000561	0.000926	0.000111	0.706111	0.109744
336	0.285014	0.005636	0.000887	0.000259	0.000546	0.000913	0.000109	0.706635	0.109757
337	0.284691	0.005502	0.000863	0.000252	0.000534	0.000899	0.000108	0.707149	0.109769
338	0.284378	0.005371	0.000841	0.000245	0.000520	0.000886	0.000107	0.707653	0.109781
339	0.284071	0.005242	0.000822	0.000238	0.000507	0.000871	0.000106	0.708143	0.109793
340	0.283770	0.005117	0.000803	0.000233	0.000495	0.000858	0.000104	0.708620	0.109803
341	0.283474	0.004999	0.000783	0.000228	0.000483	0.000843	0.000103	0.709087	0.109814
342	0.283185	0.004884	0.000763	0.000222	0.000471	0.000830	0.000102	0.709543	0.109823
343	0.282903	0.004771	0.000745	0.000216	0.000459	0.000816	0.000101	0.709988	0.109833
344	0.282628	0.004660	0.000729	0.000211	0.000449	0.000802	0.000099	0.710423	0.109842
345	0.282358	0.004552	0.000712	0.000207	0.000438	0.000788	0.000098	0.710848	0.109851
346	0.282095	0.004447	0.000694	0.000202	0.000427	0.000774	0.000096	0.711265	0.109860
347	0.281838	0.004345	0.000679	0.000197	0.000416	0.000759	0.000095	0.711671	0.109868
348	0.281587	0.004245	0.000663	0.000193	0.000407	0.000745	0.000094	0.712067	0.109876
349	0.281341	0.004147	0.000650	0.000187	0.000397	0.000731	0.000092	0.712455	0.109884
350	0.281099	0.004055	0.000634	0.000184	0.000388	0.000716	0.000091	0.712834	0.109892
351	0.280862	0.003965	0.000619	0.000178	0.000380	0.000702	0.000089	0.713205	0.109899
352	0.280631	0.003875	0.000606	0.000175	0.000371	0.000688	0.000088	0.713567	0.109907
353	0.280407	0.003786	0.000592	0.000172	0.000362	0.000674	0.000086	0.713920	0.109914
354	0.280187	0.003701	0.000578	0.000167	0.000354	0.000661	0.000085	0.714267	0.109920
355	0.279971	0.003618	0.000564	0.000163	0.000347	0.000647	0.000084	0.714606	0.109927
356	0.279761	0.003537	0.000551	0.000159	0.000338	0.000635	0.000082	0.714937	0.109933
357	0.279556	0.003458	0.000539	0.000156	0.000330	0.000622	0.000081	0.715260	0.109940
358	0.279355	0.003378	0.000528	0.000152	0.000323	0.000609	0.000079	0.715575	0.109946
359	0.279159	0.003300	0.000517	0.000149	0.000316	0.000596	0.000078	0.715885	0.109952
360	0.278967	0.003226	0.000504	0.000147	0.000309	0.000584	0.000076	0.716187	0.109957
361	0.278779	0.003153	0.000493	0.000143	0.000301	0.000571	0.000075	0.716485	0.109963
362	0.278595	0.003081	0.000482	0.000140	0.000294	0.000560	0.000073	0.716775	0.109968
363	0.278415	0.003013	0.000471	0.000136	0.000287	0.000548	0.000072	0.717059	0.109974
364	0.278240	0.002946	0.000459	0.000133	0.000281	0.000535	0.000071	0.717336	0.109979
365	0.278070	0.002879	0.000450	0.000129	0.000274	0.000525	0.000069	0.717605	0.109984
366	0.277902	0.002812	0.000441	0.000127	0.000269	0.000513	0.000068	0.717868	0.109989
367	0.277739	0.002748	0.000431	0.000124	0.000263	0.000502	0.000066	0.718126	0.109994
368	0.277580	0.002685	0.000419	0.000122	0.000257	0.000492	0.000065	0.718379	0.109999
369	0.277424	0.002625	0.000410	0.000118	0.000252	0.000481	0.000064	0.718628	0.110004
370	0.277272	0.002565	0.000400	0.000116	0.000245	0.000471	0.000062	0.718868	0.110009
371	0.277123	0.002507	0.000391	0.000113	0.000240	0.000461	0.000061	0.719104	0.110013
372	0.276978	0.002450	0.000382	0.000110	0.000235	0.000451	0.000060	0.719334	0.110018
373	0.276836	0.002395	0.000373	0.000108	0.000229	0.000441	0.000058	0.719560	0.110022
374	0.276697	0.002341	0.000364	0.000106	0.000224	0.000431	0.000057	0.719780	0.110027
375	0.276562	0.002286	0.000357	0.000103	0.000219	0.000422	0.000056	0.719995	0.110031
376	0.276431	0.002234	0.000347	0.000101	0.000215	0.000412	0.000055	0.720205	0.110035
377	0.276301	0.002183	0.000341	0.000098	0.000209	0.000404	0.000054	0.720411	0.110039
378	0.276175	0.002132	0.000333	0.000096	0.000205	0.000395	0.000052	0.720611	0.110043
379	0.276052	0.002083	0.000325	0.000095	0.000200	0.000387	0.000051	0.720808	0.110047
380	0.275931	0.002035	0.000319	0.000093	0.000194	0.000377	0.000050	0.721001	0.110051
381	0.275813	0.001988	0.000311	0.000090	0.000191	0.000369	0.000049	0.721190	0.110055
382	0.275698	0.001942	0.000303	0.000088	0.000187	0.000360	0.000048	0.721374	0.110058
383	0.275587	0.001896	0.000298	0.000085	0.000182	0.000352	0.000047	0.721554	0.110062
384	0.275477	0.001852	0.000291	0.000084	0.000179	0.000344	0.000045	0.721728	0.110065
385	0.275369	0.001811	0.000283	0.000082	0.000174	0.000336	0.000044	0.721900	0.110069
386	0.275265	0.001769	0.000277	0.000080	0.000170	0.000328	0.000043	0.722068	0.110072
387	0.275163	0.001729	0.000269	0.000078	0.000166	0.000321	0.000042	0.722231	0.110076
388	0.275063	0.001689	0.000264	0.000076	0.000162	0.000314	0.000042	0.722391	0.110079
389	0.274966	0.001649	0.000258	0.000075	0.000158	0.000307	0.000041	0.722547	0.110082
390	0.274871	0.001609	0.000253	0.000073	0.000155	0.000300	0.000040	0.722700	0.110085
391	0.274778	0.001573	0.000245	0.000072	0.000152	0.000293	0.000039	0.722849	0.110088
392	0.274687	0.001537	0.000240	0.000069	0.000147	0.000286	0.000038	0.722995	0.110091
393	0.274598	0.001502	0.000235	0.000067	0.000145	0.000279	0.000037	0.723137	0.110094
394	0.274511	0.001468	0.000230	0.000066	0.000141	0.000273	0.000036	0.723275	0.110096
395	0.274426	0.001434	0.000225	0.000065	0.000138	0.000267	0.000035	0.723410	0.110099
396	0.274343	0.001400	0.000220	0.000064	0.000135	0.000261	0.000034	0.723543	0.110102
397	0.274263	0.001366	0.000215	0.000062	0.000132	0.000254	0.000034	0.723673	0.110104
398	0.274183	0.001336	0.000208	0.000061	0.000129	0.000248	0.000033	0.723800	0.110107
399	0.274107	0.001304	0.000204	0.000059	0.000125	0.000243	0.000032	0.723925	0.110109
400	0.274031	0.001273	0.000201	0.000058	0.000123	0.000236	0.000032	0.724046	0.110112
