0	0.000000	0.000000	0.000000
1	0.000003	0.000002	0.000001
2	0.000003	0.000002	0.000001
3	0.000005	0.000002	0.000001
4	0.000006	0.000004	0.000001
5	0.000007	0.000005	0.000000
6	0.000008	0.000007	0.000002
7	0.000009	0.000010	0.000002
8	0.000014	0.000010	0.000003
9	0.000015	0.000010	0.000003
10	0.000017	0.000012	0.000003
11	0.000021	0.000014	0.000005
12	0.000023	0.000019	0.000007
13	0.000027	0.000024	0.000007
14	0.000031	0.000026	0.000008
15	0.000041	0.000027	0.000009
16	0.000046	0.000032	0.000007
17	0.000053	0.000040	0.000013
18	0.000057	0.000048	0.000017
19	0.000072	0.000058	0.000018
20	0.000081	0.000067	0.000016
21	0.000087	0.000074	0.000018
22	0.000101	0.000085	0.000020
23	0.000108	0.000092	0.000030
24	0.000110	0.000109	0.000026
25	0.000126	0.000125	0.000035
26	0.000130	0.000130	0.000041
27	0.000149	0.000143	0.000045
28	0.000152	0.000156	0.000041
29	0.000151	0.000180	0.000051
30	0.000176	0.000196	0.000052
31	0.000196	0.000210	0.000060
32	0.000202	0.000220	0.000060
33	0.000227	0.000242	0.000071
34	0.000247	0.000251	0.000070
35	0.000270	0.000277	0.000079
36	0.000291	0.000294	0.000090
37	0.000323	0.000307	0.000094
38	0.000360	0.000339	0.000098
39	0.000383	0.000367	0.000114
40	0.000419	0.000394	0.000116
41	0.000440	0.000430	0.000124
42	0.000504	0.000476	0.000140
43	0.000541	0.000510	0.000160
44	0.000565	0.000557	0.000160
45	0.000614	0.000605	0.000168
46	0.000677	0.000656	0.000189
47	0.000713	0.000696	0.000209
48	0.000733	0.000745	0.000214
49	0.000785	0.000807	0.000228
50	0.000859	0.000851	0.000253
51	0.000928	0.000921	0.000265
52	0.001003	0.000977	0.000296
53	0.001063	0.001072	0.000286
54	0.001114	0.001146	0.000343
55	0.001234	0.001216	0.000360
56	0.001274	0.001314	0.000390
57	0.001370	0.001409	0.000423
58	0.001437	0.001498	0.000451
59	0.001520	0.001588	0.000475
60	0.001651	0.001682	0.000492
61	0.001746	0.001782	0.000528
62	0.001775	0.001907	0.000558
63	0.001942	0.002053	0.000573
64	0.002056	0.002158	0.000652
65	0.002151	0.002289	0.000671
66	0.002263	0.002384	0.000719
67	0.002398	0.002509	0.000754
68	0.002486	0.002654	0.000756
69	0.002648	0.002782	0.000821
70	0.002743	0.002934	0.000889
71	0.002773	0.003091	0.000901
72	0.002930	0.003203	0.000990
73	0.003058	0.003380	0.000961
74	0.003161	0.003531	0.001046
75	0.003335	0.003688	0.001091
76	0.003378	0.003825	0.001125
77	0.003480	0.003977	0.001191
78	0.003559	0.004100	0.001222
79	0.003685	0.004219	0.001257
80	0.003764	0.004369	0.001270
81	0.003862	0.004521	0.001321
82	0.004017	0.004607	0.001367
83	0.004102	0.004754	0.001429
84	0.004217	0.004858	0.001457
85	0.004228	0.004947	0.001504
86	0.004282	0.005020	0.001513
87	0.004278	0.005101	0.001525
88	0.004314	0.005195	0.001556
89	0.004363	0.005246	0.001635
90	0.004402	0.005332	0.001558
91	0.004452	0.005395	0.001633
92	0.004463	0.005432	0.001650
93	0.004482	0.005449	0.001647
94	0.004465	0.005453	0.001668
95	0.004486	0.005478	0.001674
96	0.004450	0.005499	0.001690
97	0.004394	0.005561	0.001697
98	0.004421	0.005460	0.001665
99	0.004341	0.005468	0.001670
100	0.004288	0.005469	0.001655
101	0.004212	0.005425	0.001660
102	0.004197	0.005333	0.001620
103	0.004129	0.005276	0.001646
104	0.004023	0.005197	0.001649
105	0.003928	0.005089	0.001609
106	0.003871	0.005015	0.001556
107	0.003797	0.004927	0.001576
108	0.003706	0.004824	0.001559
109	0.003626	0.004688	0.001514
110	0.003524	0.004614	0.001476
111	0.003452	0.004477	0.001411
112	0.003344	0.004401	0.001368
113	0.003209	0.004244	0.001369
114	0.003160	0.004130	0.001306
115	0.002959	0.004021	0.001292
116	0.002936	0.003889	0.001255
117	0.002839	0.003791	0.001191
118	0.002744	0.003658	0.001173
119	0.002676	0.003542	0.001164
120	0.002534	0.003408	0.001099
121	0.002497	0.003315	0.001086
122	0.002401	0.003182	0.001031
123	0.002273	0.003074	0.000975
124	0.002218	0.002948	0.000947
125	0.002127	0.002858	0.000910
126	0.002033	0.002757	0.000897
127	0.001939	0.002646	0.000861
128	0.001855	0.002541	0.000824
129	0.001774	0.002411	0.000805
130	0.001731	0.002314	0.000747
131	0.001627	0.002234	0.000730
132	0.001598	0.002134	0.000725
133	0.001503	0.002028	0.000650
134	0.001430	0.001968	0.000632
135	0.001376	0.001890	0.000631
136	0.001359	0.001791	0.000577
137	0.001241	0.001693	0.000564
138	0.001204	0.001597	0.000530
139	0.001149	0.001565	0.000512
140	0.001106	0.001504	0.000498
141	0.001047	0.001425	0.000492
142	0.000994	0.001368	0.000445
143	0.000948	0.001315	0.000432
144	0.000944	0.001223	0.000425
145	0.000859	0.001184	0.000395
146	0.000804	0.001102	0.000377
147	0.000795	0.001049	0.000374
148	0.000727	0.001007	0.000341
149	0.000717	0.000947	0.000311
150	0.000671	0.000905	0.000306
151	0.000631	0.000877	0.000300
152	0.000612	0.000845	0.000294
153	0.000579	0.000787	0.000279
154	0.000554	0.000754	0.000245
155	0.000545	0.000719	0.000246
156	0.000518	0.000684	0.000237
157	0.000485	0.000650	0.000215
158	0.000450	0.000621	0.000208
159	0.000441	0.000590	0.000198
160	0.000425	0.000552	0.000194
161	0.000415	0.000525	0.000184
162	0.000381	0.000506	0.000172
163	0.000357	0.000469	0.000161
164	0.000336	0.000452	0.000154
165	0.000330	0.000432	0.000155
166	0.000315	0.000418	0.000142
167	0.000291	0.000384	0.000134
168	0.000268	0.000369	0.000132
169	0.000257	0.000348	0.000116
170	0.000245	0.000343	0.000116
171	0.000230	0.000319	0.000117
172	0.000224	0.000314	0.000101
173	0.000209	0.000293	0.000104
174	0.000201	0.000284	0.000096
175	0.000181	0.000270	0.000086
176	0.000182	0.000254	0.000086
177	0.000176	0.000249	0.000086
178	0.000157	0.000238	0.000073
179	0.000159	0.000231	0.000079
180	0.000158	0.000224	0.000074
181	0.000147	0.000208	0.000072
182	0.000130	0.000190	0.000071
183	0.000140	0.000186	0.000061
184	0.000129	0.000180	0.000055
185	0.000131	0.000172	0.000061
186	0.000110	0.000161	0.000054
187	0.000114	0.000154	0.000055
188	0.000118	0.000149	0.000050
189	0.000113	0.000139	0.000049
190	0.000098	0.000137	0.000045
191	0.000099	0.000125	0.000047
192	0.000094	0.000120	0.000041
193	0.000087	0.000116	0.000034
194	0.000090	0.000110	0.000035
195	0.000079	0.000107	0.000031
196	0.000074	0.000108	0.000032
197	0.000070	0.000102	0.000032
198	0.000074	0.000098	0.000032
199	0.000067	0.000090	0.000031
200	0.000068	0.000090	0.000030
201	0.000064	0.000086	0.000029
202	0.000065	0.000079	0.000027
203	0.000060	0.000077	0.000028
204	0.000058	0.000072	0.000024
205	0.000057	0.000070	0.000024
206	0.000055	0.000067	0.000026
207	0.000051	0.000062	0.000024
208	0.000049	0.000064	0.000020
209	0.000046	0.000061	0.000022
210	0.000049	0.000062	0.000019
211	0.000045	0.000059	0.000020
212	0.000048	0.000057	0.000021
213	0.000039	0.000056	0.000018
214	0.000042	0.000051	0.000019
215	0.000040	0.000053	0.000017
216	0.000039	0.000050	0.000019
217	0.000033	0.000051	0.000015
218	0.000032	0.000044	0.000018
219	0.000028	0.000049	0.000013
220	0.000030	0.000045	0.000019
221	0.000035	0.000041	0.000014
222	0.000029	0.000040	0.000015
223	0.000034	0.000043	0.000014
224	0.000032	0.000043	0.000017
225	0.000031	0.000036	0.000014
226	0.000028	0.000035	0.000011
227	0.000027	0.000036	0.000013
228	0.000024	0.000036	0.000011
229	0.000027	0.000034	0.000013
230	0.000024	0.000035	0.000010
231	0.000028	0.000034	0.000012
232	0.000022	0.000033	0.000009
233	0.000021	0.000032	0.000012
234	0.000024	0.000031	0.000012
235	0.000022	0.000029	0.000009
236	0.000020	0.000027	0.000009
237	0.000023	0.000025	0.000009
238	0.000021	0.000025	0.000009
239	0.000021	0.000028	0.000006
240	0.000022	0.000025	0.000009
241	0.000022	0.000029	0.000010
242	0.000025	0.000025	0.000009
243	0.000016	0.000024	0.000009
244	0.000016	0.000022	0.000007
245	0.000017	0.000024	0.000006
246	0.000016	0.000022	0.000007
247	0.000019	0.000024	0.000006
248	0.000017	0.000022	0.000009
249	0.000019	0.000021	0.000007
250	0.000017	0.000021	0.000008
251	0.000018	0.000022	0.000006
252	0.000016	0.000022	0.000007
253	0.000015	0.000022	0.000005
254	0.000013	0.000020	0.000005
255	0.000018	0.000021	0.000007
256	0.000012	0.000019	0.000007
257	0.000016	0.000021	0.000006
258	0.000012	0.000020	0.000006
259	0.000011	0.000020	0.000006
260	0.000012	0.000020	0.000006
261	0.000014	0.000019	0.000005
262	0.000013	0.000019	0.000007
263	0.000007	0.000019	0.000007
264	0.000009	0.000016	0.000005
265	0.000012	0.000015	0.000004
266	0.000009	0.000015	0.000005
267	0.000011	0.000012	0.000005
268	0.000009	0.000013	0.000003
269	0.000009	0.000012	0.000004
270	0.000009	0.000013	0.000003
271	0.000010	0.000012	0.000007
272	0.000010	0.000012	0.000005
273	0.000008	0.000011	0.000004
274	0.000010	0.000010	0.000003
275	0.000009	0.000011	0.000006
276	0.000007	0.000012	0.000004
277	0.000010	0.000011	0.000005
278	0.000009	0.000011	0.000004
279	0.000008	0.000010	0.000004
280	0.000012	0.000009	0.000003
281	0.000010	0.000010	0.000002
282	0.000006	0.000008	0.000004
283	0.000008	0.000009	0.000003
284	0.000007	0.000008	0.000003
285	0.000005	0.000009	0.000004
286	0.000007	0.000008	0.000003
287	0.000004	0.000010	0.000002
288	0.000006	0.000011	0.000002
289	0.000005	0.000008	0.000003
290	0.000007	0.000008	0.000001
291	0.000007	0.000009	0.000003
292	0.000004	0.000007	0.000003
293	0.000006	0.000007	0.000002
294	0.000005	0.000007	0.000002
295	0.000005	0.000007	0.000001
296	0.000004	0.000007	0.000001
297	0.000003	0.000008	0.000001
298	0.000003	0.000007	0.000003
299	0.000003	0.000006	0.000003
300	0.000003	0.000006	0.000001
301	0.000004	0.000005	0.000002
302	0.000003	0.000004	0.000001
303	0.000004	0.000003	0.000001
304	0.000004	0.000003	0.000001
305	0.000004	0.000005	0.000001
306	0.000003	0.000004	0.000002
307	0.000004	0.000003	0.000001
308	0.000003	0.000003	0.000000
309	0.000004	0.000005	0.000001
310	0.000006	0.000005	0.000001
311	0.000003	0.000004	0.000001
312	0.000003	0.000004	0.000000
313	0.000003	0.000005	0.000001
314	0.000003	0.000005	0.000001
315	0.000006	0.000004	0.000001
316	0.000002	0.000005	0.000001
317	0.000002	0.000003	0.000001
318	0.000003	0.000004	0.000000
319	0.000003	0.000003	0.000001
320	0.000002	0.000004	0.000001
321	0.000003	0.000003	0.000002
322	0.000003	0.000003	0.000000
323	0.000002	0.000002	0.000002
324	0.000002	0.000002	0.000001
325	0.000003	0.000001	0.000001
326	0.000001	0.000002	0.000001
327	0.000001	0.000003	0.000001
328	0.000001	0.000002	0.000001
329	0.000002	0.000002	0.000000
330	0.000002	0.000002	0.000001
331	0.000002	0.000002	0.000001
332	0.000001	0.000003	0.000001
333	0.000001	0.000003	0.000001
334	0.000001	0.000002	0.000002
335	0.000001	0.000002	0.000001
336	0.000000	0.000003	0.000001
337	0.000001	0.000002	0.000001
338	0.000001	0.000002	0.000000
339	0.000001	0.000002	0.000001
340	0.000001	0.000002	0.000001
341	0.000001	0.000002	0.000001
342	0.000001	0.000001	0.000001
343	0.000001	0.000001	0.000001
344	0.000001	0.000001	0.000000
345	0.000001	0.000000	0.000000
346	0.000001	0.000001	0.000000
347	0.000001	0.000001	0.000001
348	0.000001	0.000001	0.000001
349	0.000001	0.000000	0.000001
350	0.000001	0.000001	0.000001
351	0.000001	0.000001	0.000001
352	0.000000	0.000002	0.000000
353	0.000002	0.000001	0.000000
354	0.000001	0.000001	0.000000
355	0.000001	0.000000	0.000000
356	0.000001	0.000000	0.000000
357	0.000001	0.000000	0.000000
358	0.000001	0.000001	0.000000
359	0.000001	0.000001	0.000001
360	0.000001	0.000001	0.000000
361	0.000000	0.000001	0.000000
362	0.000000	0.000000	0.000001
363	0.000001	0.000000	0.000000
364	0.000001	0.000001	0.000000
365	0.000001	0.000001	0.000000
366	0.000001	0.000001	0.000000
367	0.000001	0.000001	0.000001
368	0.000000	0.000001	0.000000
369	0.000001	0.000001	0.000000
370	0.000001	0.000001	0.000000
371	0.000001	0.000000	0.000000
372	0.000001	0.000000	0.000000
373	0.000001	0.000000	0.000000
374	0.000001	0.000000	0.000000
375	0.000000	0.000001	0.000001
376	0.000001	0.000000	0.000000
377	0.000000	0.000000	0.000000
378	0.000001	0.000001	0.000000
379	0.000001	0.000001	0.000000
380	0.000001	0.000000	0.000001
381	0.000001	0.000001	0.000000
382	0.000001	0.000000	0.000000
383	0.000001	0.000000	0.000000
384	0.000000	0.000000	0.000000
385	0.000001	0.000000	0.000000
386	0.000000	0.000000	0.000000
387	0.000000	0.000000	0.000000
388	0.000000	0.000001	0.000000
389	0.000000	0.000000	0.000000
390	0.000001	0.000001	0.000000
391	0.000000	0.000001	0.000000
392	0.000000	0.000001	0.000000
393	0.000000	0.000001	0.000000
394	0.000000	0.000001	0.000000
395	0.000000	0.000001	0.000000
396	0.000000	0.000001	0.000000
397	0.000000	0.000001	0.000000
398	0.000000	0.000001	0.000000
399	0.000000	0.000001	0.000000
400	0.000000	0.000001	0.000000
